0.500 0.500 0 0.000 0.000 0.000 0.000 0.245 0.000 1.571 0.000
0.500 0.500 0 0.000 0.012 0.000 0.000 0.245 0.000 1.571 0.000
0.500 0.501 0 0.000 0.025 0.000 0.000 0.244 0.000 1.571 0.000
0.500 0.503 0 0.000 0.037 0.000 0.000 0.243 0.000 1.571 0.000
0.500 0.505 0 0.000 0.049 0.000 0.000 0.241 0.000 1.571 0.000
0.500 0.508 0 0.000 0.061 0.000 0.000 0.239 0.000 1.571 0.000
0.500 0.511 0 0.000 0.073 0.000 0.000 0.236 0.000 1.571 0.000
0.500 0.515 0 0.000 0.085 0.000 0.000 0.233 0.000 1.571 0.000
0.500 0.519 0 0.000 0.096 0.000 0.000 0.229 0.000 1.571 0.000
0.500 0.525 0 0.000 0.108 0.000 0.000 0.225 0.000 1.571 0.000
0.500 0.530 0 0.000 0.119 0.000 0.000 0.221 0.000 1.571 0.000
0.500 0.536 0 0.000 0.130 0.000 0.000 0.216 0.000 1.571 0.000
0.500 0.543 0 0.000 0.141 0.000 0.000 0.211 0.000 1.571 0.000
0.500 0.550 0 0.000 0.151 0.000 0.000 0.205 0.000 1.571 0.000
0.500 0.558 0 0.000 0.162 0.000 0.000 0.200 0.000 1.571 0.000
0.500 0.567 0 0.000 0.172 0.000 0.000 0.194 0.000 1.571 0.000
0.500 0.575 0 0.000 0.181 0.000 0.000 0.188 0.000 1.571 0.000
0.500 0.585 0 0.000 0.191 0.000 0.000 0.183 0.000 1.571 0.000
0.500 0.595 0 0.000 0.200 0.000 0.000 0.177 0.000 1.571 0.000
0.500 0.605 0 0.000 0.209 0.000 0.000 0.162 0.000 1.571 0.000
0.500 0.615 0 0.000 0.217 0.000 0.000 0.158 0.000 1.571 0.000
0.500 0.626 0 0.000 0.225 0.000 0.000 0.153 0.000 1.571 0.000
0.500 0.638 0 0.000 0.232 0.000 0.000 0.149 0.000 1.571 0.000
0.500 0.650 0 0.000 0.240 0.000 0.000 0.144 0.000 1.571 0.000
0.500 0.662 0 0.000 0.247 0.000 0.000 0.140 0.000 1.571 0.000
0.500 0.674 0 0.000 0.254 0.000 0.000 0.135 0.000 1.571 0.000
0.500 0.687 0 0.000 0.261 0.000 0.000 0.131 0.000 1.571 0.000
0.500 0.700 0 0.000 0.267 0.000 0.000 0.126 0.000 1.571 0.000
0.500 0.714 0 0.000 0.274 0.000 0.000 0.122 0.000 1.571 0.000
0.500 0.728 0 0.000 0.280 0.000 0.000 0.117 0.000 1.571 0.000
0.500 0.742 0 0.000 0.286 0.000 0.000 0.113 0.000 1.571 0.000
0.500 0.756 0 0.000 0.291 0.000 0.000 0.109 0.000 1.571 0.000
0.500 0.771 0 0.000 0.297 0.000 0.000 0.105 0.000 1.571 0.000
0.500 0.786 0 0.000 0.302 0.000 0.000 0.101 0.000 1.571 0.000
0.500 0.801 0 0.000 0.307 0.000 0.000 0.094 0.000 1.571 0.000
0.500 0.817 0 0.000 0.312 0.000 0.000 0.091 0.000 1.571 0.000
0.500 0.832 0 0.000 0.316 0.000 0.000 0.088 0.000 1.571 0.000
0.500 0.848 0 0.000 0.321 0.000 0.000 0.085 0.000 1.571 0.000
0.500 0.864 0 0.000 0.325 0.000 0.000 0.083 0.000 1.571 0.000
0.500 0.881 0 0.000 0.329 0.000 0.000 0.080 0.000 1.571 0.000
0.500 0.897 0 0.000 0.333 0.000 0.000 0.077 0.000 1.571 0.000
0.500 0.914 0 0.000 0.337 0.000 0.000 0.074 0.000 1.571 0.000
0.500 0.931 0 0.000 0.341 0.000 0.000 0.072 0.000 1.571 0.000
0.500 0.948 0 0.000 0.344 0.000 0.000 0.069 0.000 1.571 0.000
0.500 0.965 0 0.000 0.348 0.000 0.000 0.067 0.000 1.571 0.000
0.500 0.983 0 0.000 0.351 0.000 0.000 0.064 0.000 1.571 0.000
0.500 1.001 0 0.000 0.354 0.000 0.000 0.061 0.000 1.571 0.000
0.500 1.018 0 0.000 0.357 0.000 0.000 0.059 0.000 1.571 0.000
0.500 1.036 0 0.000 0.360 0.000 0.000 0.057 0.000 1.571 0.000
0.500 1.054 0 0.000 0.363 0.000 0.000 0.055 0.000 1.571 0.000
0.500 1.073 0 0.000 0.366 0.000 0.000 0.054 0.000 1.571 0.000
0.500 1.091 0 0.000 0.369 0.000 0.000 0.052 0.000 1.571 0.000
0.500 1.109 0 0.000 0.371 0.000 0.000 0.050 0.000 1.571 0.000
0.500 1.128 0 0.000 0.374 0.000 0.000 0.049 0.000 1.571 0.000
0.500 1.147 0 0.000 0.376 0.000 0.000 0.047 0.000 1.571 0.000
0.500 1.166 0 0.000 0.379 0.000 0.000 0.046 0.000 1.571 0.000
0.500 1.185 0 0.000 0.381 0.000 0.000 0.044 0.000 1.571 0.000
0.500 1.204 0 0.000 0.383 0.000 0.000 0.042 0.000 1.571 0.000
0.500 1.223 0 0.000 0.385 0.000 0.000 0.041 0.000 1.571 0.000
0.500 1.242 0 0.000 0.387 0.000 0.000 0.040 0.000 1.571 0.000
0.500 1.262 0 0.000 0.389 0.000 0.000 0.039 0.000 1.571 0.000
0.500 1.281 0 0.000 0.391 0.000 0.000 0.038 0.000 1.571 0.000
0.500 1.301 0 0.000 0.393 0.000 0.000 0.037 0.000 1.571 0.000
0.500 1.320 0 0.000 0.395 0.000 0.000 0.036 0.000 1.571 0.000
0.500 1.340 0 0.000 0.397 0.000 0.000 0.035 0.000 1.571 0.000
0.500 1.360 0 0.000 0.398 0.000 0.000 0.034 0.000 1.571 0.000
0.500 1.380 0 0.000 0.400 0.000 0.000 0.033 0.000 1.571 0.000
0.500 1.400 0 0.000 0.402 0.000 0.000 0.031 0.000 1.571 0.000
0.500 1.420 0 0.000 0.403 0.000 0.000 0.031 0.000 1.571 0.000
0.500 1.440 0 0.000 0.405 0.000 0.000 0.030 0.000 1.571 0.000
0.500 1.461 0 0.000 0.406 0.000 0.000 0.029 0.000 1.571 0.000
0.500 1.481 0 0.000 0.408 0.000 0.000 0.028 0.000 1.571 0.000
0.500 1.502 0 0.000 0.409 0.000 0.000 0.027 0.000 1.571 0.000
0.500 1.522 0 0.000 0.410 0.000 0.000 0.027 0.000 1.571 0.000
0.500 1.543 0 0.000 0.412 0.000 0.000 0.026 0.000 1.571 0.000
0.500 1.563 0 0.000 0.413 0.000 0.000 0.025 0.000 1.571 0.000
0.500 1.584 0 0.000 0.414 0.000 0.000 0.025 0.000 1.571 0.000
0.500 1.605 0 0.000 0.416 0.000 0.000 0.024 0.000 1.571 0.000
0.500 1.625 0 0.000 0.417 0.000 0.000 0.023 0.000 1.571 0.000
0.500 1.646 0 0.000 0.418 0.000 0.000 0.023 0.000 1.571 0.000
0.500 1.667 0 0.000 0.419 0.000 0.000 0.022 0.000 1.571 0.000
0.500 1.688 0 0.000 0.420 0.000 0.000 0.022 0.000 1.571 0.000
0.500 1.709 0 0.000 0.421 0.000 0.000 0.021 0.000 1.571 0.000
0.500 1.730 0 0.000 0.422 0.000 0.000 0.021 0.000 1.571 0.000
0.500 1.751 0 0.000 0.423 0.000 0.000 0.020 0.000 1.571 0.000
0.500 1.773 0 0.000 0.424 0.000 0.000 0.020 0.000 1.571 0.000
0.500 1.794 0 0.000 0.425 0.000 0.000 0.019 0.000 1.571 0.000
0.500 1.815 0 0.000 0.426 0.000 0.000 0.019 0.000 1.571 0.000
0.500 1.837 0 0.000 0.427 0.000 0.000 0.018 0.000 1.571 0.000
0.500 1.858 0 0.000 0.428 0.000 0.000 0.018 0.000 1.571 0.000
0.500 1.879 0 0.000 0.429 0.000 0.000 0.017 0.000 1.571 0.000
0.500 1.901 0 0.000 0.430 0.000 0.000 0.017 0.000 1.571 0.000
0.500 1.922 0 0.000 0.431 0.000 0.000 0.017 0.000 1.571 0.000
0.500 1.944 0 0.000 0.432 0.000 0.000 0.016 0.000 1.571 0.000
0.500 1.966 0 0.000 0.432 0.000 0.000 0.016 0.000 1.571 0.000
0.500 1.987 0 0.000 0.433 0.000 0.000 0.016 0.000 1.571 0.000
0.500 2.009 0 0.000 0.434 0.000 0.000 0.015 0.000 1.571 0.000
0.500 2.031 0 0.000 0.435 0.000 0.000 0.015 0.000 1.571 0.000
0.500 2.052 0 0.000 0.436 0.000 0.000 0.015 0.000 1.571 0.000
0.500 2.074 0 0.000 0.436 0.000 0.000 0.014 0.000 1.571 0.000
0.500 2.096 0 0.000 0.437 0.000 0.000 0.014 0.000 1.571 0.000
0.500 2.118 0 0.000 0.438 0.000 0.000 0.014 0.000 1.571 0.000
0.500 2.140 0 0.000 0.438 0.000 0.000 0.013 0.000 1.571 0.000
0.500 2.162 0 0.000 0.439 0.000 0.000 0.013 0.000 1.571 0.000
0.500 2.184 0 0.000 0.440 0.000 0.000 0.013 0.000 1.571 0.000
0.500 2.206 0 0.000 0.440 0.000 0.000 0.013 0.000 1.571 0.000
0.500 2.228 0 0.000 0.441 0.000 0.000 0.012 0.000 1.571 0.000
0.500 2.250 0 0.000 0.442 0.000 0.000 0.012 0.000 1.571 0.000
0.500 2.272 0 0.000 0.442 0.000 0.000 0.012 0.000 1.571 0.000
0.500 2.294 0 0.000 0.443 0.000 0.000 0.012 0.000 1.571 0.000
0.500 2.316 0 0.000 0.443 0.000 0.000 0.012 0.000 1.571 0.000
0.500 2.338 0 0.000 0.444 0.000 0.000 0.011 0.000 1.571 0.000
0.500 2.361 0 0.000 0.445 0.000 0.000 0.011 0.000 1.571 0.000
0.500 2.383 0 0.000 0.445 0.000 0.000 0.011 0.000 1.571 0.000
0.500 2.405 0 0.000 0.446 0.000 0.000 0.011 0.000 1.571 0.000
0.500 2.427 0 0.000 0.446 0.000 0.000 0.010 0.000 1.571 0.000
0.500 2.450 0 0.000 0.447 0.000 0.000 0.010 0.000 1.571 0.000
0.500 2.472 0 0.000 0.447 0.000 0.000 0.010 0.000 1.571 0.000
0.500 2.494 0 0.000 0.448 0.000 0.000 0.010 0.000 1.571 0.000
0.500 2.517 0 0.000 0.448 0.000 0.000 0.010 0.000 1.571 0.000
0.500 2.539 0 0.000 0.449 0.000 0.000 0.010 0.000 1.571 0.000
0.500 2.562 0 0.000 0.449 0.000 0.000 0.009 0.000 1.571 0.000
0.500 2.584 0 0.000 0.450 0.000 0.000 0.009 0.000 1.571 0.000
0.500 2.607 0 0.000 0.450 0.000 0.000 0.009 0.000 1.571 0.000
0.500 2.629 0 0.000 0.451 0.000 0.000 0.009 0.000 1.571 0.000
0.500 2.652 0 0.000 0.451 0.000 0.000 0.009 0.000 1.571 0.000
0.500 2.674 0 0.000 0.451 0.000 0.000 0.009 0.000 1.571 0.000
0.500 2.697 0 0.000 0.452 0.000 0.000 0.008 0.000 1.571 0.000
0.500 2.719 0 0.000 0.452 0.000 0.000 0.008 0.000 1.571 0.000
0.500 2.742 0 0.000 0.453 0.000 0.000 0.008 0.000 1.571 0.000
0.500 2.765 0 0.000 0.453 0.000 0.000 0.008 0.000 1.571 0.000
0.500 2.787 0 0.000 0.454 0.000 0.000 0.008 0.000 1.571 0.000
0.500 2.810 0 0.000 0.454 0.000 0.000 0.008 0.000 1.571 0.000
0.500 2.833 0 0.000 0.454 0.000 0.000 0.008 0.000 1.571 0.000
0.500 2.856 0 0.000 0.455 0.000 0.000 0.008 0.000 1.571 0.000
0.500 2.878 0 0.000 0.455 0.000 0.000 0.007 0.000 1.571 0.000
0.500 2.901 0 0.000 0.455 0.000 0.000 0.007 0.000 1.571 0.000
0.500 2.924 0 0.000 0.456 0.000 0.000 0.007 0.000 1.571 0.000
0.500 2.947 0 0.000 0.456 0.000 0.000 0.007 0.000 1.571 0.000
0.500 2.969 0 0.000 0.457 0.000 0.000 0.007 0.000 1.571 0.000
0.500 2.992 0 0.000 0.457 0.000 0.000 0.007 0.000 1.571 0.000
0.500 3.015 0 0.000 0.457 0.000 0.000 0.007 0.000 1.571 0.000
0.500 3.038 0 0.000 0.458 0.000 0.000 0.007 0.000 1.571 0.000
0.500 3.061 0 0.000 0.458 0.000 0.000 0.007 0.000 1.571 0.000
0.500 3.084 0 0.000 0.458 0.000 0.000 0.006 0.000 1.571 0.000
0.500 3.107 0 0.000 0.459 0.000 0.000 0.006 0.000 1.571 0.000
0.500 3.130 0 0.000 0.459 0.000 0.000 0.006 0.000 1.571 0.000
0.500 3.153 0 0.000 0.459 0.000 0.000 0.006 0.000 1.571 0.000
0.500 3.176 0 0.000 0.460 0.000 0.000 0.006 0.000 1.571 0.000
0.500 3.199 0 0.000 0.460 0.000 0.000 0.006 0.000 1.571 0.000
0.500 3.222 0 0.000 0.460 0.000 0.000 0.006 0.000 1.571 0.000
0.500 3.245 0 0.000 0.460 0.000 0.000 0.006 0.000 1.571 0.000
0.500 3.268 0 0.000 0.461 0.000 0.000 0.006 0.000 1.571 0.000
0.500 3.291 0 0.000 0.461 0.000 0.000 0.006 0.000 1.571 0.000
0.500 3.314 0 0.000 0.461 0.000 0.000 0.006 0.000 1.571 0.000
0.500 3.337 0 0.000 0.462 0.000 0.000 0.006 0.000 1.571 0.000
0.500 3.360 0 0.000 0.462 0.000 0.000 0.005 0.000 1.571 0.000
0.500 3.383 0 0.000 0.462 0.000 0.000 0.005 0.000 1.571 0.000
0.500 3.406 0 0.000 0.462 0.000 0.000 0.005 0.000 1.571 0.000
0.500 3.429 0 0.000 0.463 0.000 0.000 0.005 0.000 1.571 0.000
0.500 3.452 0 0.000 0.463 0.000 0.000 0.005 0.000 1.571 0.000
0.500 3.476 0 0.000 0.463 0.000 0.000 0.005 0.000 1.571 0.000
0.500 3.499 0 0.000 0.463 0.000 0.000 0.005 0.000 1.571 0.000
0.500 3.522 0 0.000 0.464 0.000 0.000 0.005 0.000 1.571 0.000
0.500 3.545 0 0.000 0.464 0.000 0.000 0.005 0.000 1.571 0.000
0.500 3.568 0 0.000 0.464 0.000 0.000 0.005 0.000 1.571 0.000
0.500 3.591 0 0.000 0.464 0.000 0.000 0.005 0.000 1.571 0.000
0.500 3.615 0 0.000 0.465 0.000 0.000 0.005 0.000 1.571 0.000
0.500 3.638 0 0.000 0.465 0.000 0.000 0.005 0.000 1.571 0.000
0.500 3.661 0 0.000 0.465 0.000 0.000 0.005 0.000 1.571 0.000
0.500 3.684 0 0.000 0.465 0.000 0.000 0.005 0.000 1.571 0.000
0.500 3.708 0 0.000 0.466 0.000 0.000 0.004 0.000 1.571 0.000
0.500 3.731 0 0.000 0.466 0.000 0.000 0.004 0.000 1.571 0.000
0.500 3.754 0 0.000 0.466 0.000 0.000 0.004 0.000 1.571 0.000
0.500 3.778 0 0.000 0.466 0.000 0.000 0.004 0.000 1.571 0.000
0.500 3.801 0 0.000 0.466 0.000 0.000 0.004 0.000 1.571 0.000
0.500 3.824 0 0.000 0.467 0.000 0.000 0.004 0.000 1.571 0.000
0.500 3.848 0 0.000 0.467 0.000 0.000 0.004 0.000 1.571 0.000
0.500 3.871 0 0.000 0.467 0.000 0.000 0.004 0.000 1.571 0.000
0.500 3.894 0 0.000 0.467 0.000 0.000 0.004 0.000 1.571 0.000
0.500 3.918 0 0.000 0.468 0.000 0.000 0.004 0.000 1.571 0.000
0.500 3.941 0 0.000 0.468 0.000 0.000 0.004 0.000 1.571 0.000
0.500 3.964 0 0.000 0.468 0.000 0.000 0.004 0.000 1.571 0.000
0.500 3.988 0 0.000 0.468 0.000 0.000 0.004 0.000 1.571 0.000
0.500 4.011 0 0.000 0.468 0.000 0.000 0.004 0.000 1.571 0.000
0.500 4.035 0 0.000 0.468 0.000 0.000 0.004 0.000 1.571 0.000
0.500 4.058 0 0.000 0.469 0.000 0.000 0.004 0.000 1.571 0.000
0.500 4.082 0 0.000 0.469 0.000 0.000 0.004 0.000 1.571 0.000
0.500 4.105 0 0.000 0.469 0.000 0.000 0.004 0.000 1.571 0.000
0.500 4.128 0 0.000 0.469 0.000 0.000 0.004 0.000 1.571 0.000
0.500 4.152 0 0.000 0.469 0.000 0.000 0.004 0.000 1.571 0.000
0.500 4.175 0 0.000 0.470 0.000 0.000 0.004 0.000 1.571 0.000
0.500 4.199 0 0.000 0.470 0.000 0.000 0.003 0.000 1.571 0.000
0.500 4.222 0 0.000 0.470 0.000 0.000 0.003 0.000 1.571 0.000
0.500 4.246 0 0.000 0.470 0.000 0.000 0.003 0.000 1.571 0.000
0.500 4.269 0 0.000 0.470 0.000 0.000 0.003 0.000 1.571 0.000
0.500 4.293 0 0.000 0.470 0.000 0.000 0.003 0.000 1.571 0.000
0.500 4.316 0 0.000 0.471 0.000 0.000 0.003 0.000 1.571 0.000
0.500 4.340 0 0.000 0.471 0.000 0.000 0.003 0.000 1.571 0.000
0.500 4.364 0 0.000 0.471 0.000 0.000 0.003 0.000 1.571 0.000
0.500 4.387 0 0.000 0.471 0.000 0.000 0.003 0.000 1.571 0.000
0.500 4.411 0 0.000 0.471 0.000 0.003 0.020 0.000 1.571 -0.000
0.500 4.434 0 0.000 0.472 0.000 0.003 0.020 0.000 1.570 -0.000
0.500 4.458 0 0.000 0.473 0.000 0.003 0.020 0.000 1.570 -0.000
0.500 4.482 0 0.000 0.474 0.000 0.003 0.020 0.000 1.570 -0.000
0.500 4.505 0 0.001 0.475 0.000 0.003 0.020 0.000 1.570 -0.000
0.500 4.529 0 0.001 0.476 0.000 0.003 0.020 0.000 1.569 -0.000
0.500 4.553 0 0.001 0.477 0.000 0.003 0.020 0.000 1.569 -0.000
0.500 4.577 0 0.001 0.478 0.000 0.003 0.020 0.000 1.569 -0.000
0.500 4.601 0 0.001 0.479 0.000 0.015 0.016 0.000 1.568 -0.002
0.500 4.625 0 0.002 0.480 0.000 0.015 0.016 0.000 1.567 -0.002
0.500 4.649 0 0.003 0.481 0.000 0.015 0.016 0.000 1.565 -0.002
0.500 4.673 0 0.003 0.482 0.000 0.015 0.016 0.000 1.564 -0.002
0.501 4.697 0 0.004 0.482 0.000 0.015 0.016 0.000 1.562 -0.002
0.501 4.721 0 0.005 0.483 0.000 0.015 0.016 0.000 1.561 -0.002
0.501 4.745 0 0.006 0.484 0.000 0.016 0.016 0.000 1.559 -0.002
0.501 4.769 0 0.006 0.485 0.000 0.016 0.016 0.000 1.557 -0.002
0.502 4.794 0 0.007 0.486 0.000 0.016 0.016 0.000 1.556 -0.002
0.502 4.818 0 0.008 0.486 0.000 0.060 0.009 0.000 1.554 -0.006
0.502 4.842 0 0.011 0.487 0.000 0.061 0.009 0.000 1.548 -0.006
0.503 4.867 0 0.014 0.487 0.000 0.061 0.008 0.000 1.542 -0.006
0.503 4.891 0 0.017 0.488 0.000 0.062 0.008 0.000 1.536 -0.006
0.504 4.915 0 0.020 0.488 0.000 0.062 0.007 0.000 1.529 -0.006
0.505 4.940 0 0.023 0.488 0.000 0.063 0.007 0.000 1.523 -0.006
0.506 4.964 0 0.027 0.489 0.000 0.063 0.007 0.000 1.517 -0.006
0.507 4.989 0 0.030 0.489 0.000 0.064 0.006 0.000 1.510 -0.006
0.509 5.013 0 0.033 0.489 0.000 0.104 -0.001 0.000 1.504 -0.011
0.510 5.038 0 0.038 0.489 0.000 0.105 -0.002 0.000 1.493 -0.011
0.512 5.062 0 0.043 0.489 0.000 0.105 -0.003 0.000 1.482 -0.011
0.514 5.087 0 0.049 0.489 0.000 0.106 -0.004 0.000 1.472 -0.011
0.516 5.111 0 0.054 0.489 0.000 0.106 -0.005 0.000 1.461 -0.011
0.519 5.136 0 0.059 0.489 0.000 0.107 -0.007 0.000 1.450 -0.011
0.522 5.160 0 0.065 0.488 0.000 0.132 -0.014 0.000 1.439 -0.013
0.525 5.185 0 0.071 0.488 0.000 0.132 -0.015 0.000 1.426 -0.014
0.528 5.209 0 0.078 0.487 0.000 0.133 -0.017 0.000 1.412 -0.014
0.532 5.233 0 0.084 0.486 0.000 0.133 -0.019 0.000 1.399 -0.014
0.536 5.258 0 0.091 0.485 0.000 0.133 -0.021 0.000 1.385 -0.014
0.540 5.282 0 0.098 0.484 0.000 0.134 -0.023 0.000 1.372 -0.014
0.545 5.306 0 0.104 0.483 0.000 0.145 -0.029 0.000 1.358 -0.015
0.550 5.330 0 0.112 0.481 0.000 0.145 -0.031 0.000 1.343 -0.015
0.556 5.354 0 0.119 0.480 0.000 0.145 -0.033 0.000 1.328 -0.015
0.561 5.379 0 0.126 0.478 0.000 0.145 -0.036 0.000 1.313 -0.015
0.567 5.402 0 0.133 0.476 0.000 0.145 -0.038 0.000 1.298 -0.015
0.574 5.426 0 0.141 0.474 0.000 0.145 -0.040 0.000 1.283 -0.015
0.581 5.450 0 0.148 0.472 0.000 0.145 -0.043 0.000 1.268 -0.015
0.588 5.474 0 0.155 0.470 0.000 0.145 -0.045 0.000 1.252 -0.015
0.596 5.497 0 0.162 0.468 0.000 0.145 -0.048 0.000 1.237 -0.015
0.604 5.521 0 0.169 0.466 0.000 0.151 -0.054 0.000 1.222 -0.016
0.612 5.544 0 0.177 0.463 0.000 0.151 -0.056 0.000 1.206 -0.016
0.620 5.567 0 0.185 0.460 0.000 0.150 -0.059 0.000 1.189 -0.016
0.630 5.591 0 0.192 0.457 0.000 0.150 -0.062 0.000 1.173 -0.016
0.639 5.613 0 0.200 0.454 0.000 0.149 -0.064 0.000 1.157 -0.016
0.649 5.636 0 0.207 0.451 0.000 0.149 -0.067 0.000 1.140 -0.016
0.659 5.659 0 0.214 0.448 0.000 0.148 -0.070 0.000 1.124 -0.017
0.669 5.681 0 0.222 0.444 0.000 0.148 -0.073 0.000 1.107 -0.017
0.680 5.704 0 0.229 0.440 0.000 0.149 -0.077 0.000 1.091 -0.017
0.692 5.726 0 0.237 0.437 0.000 0.148 -0.080 0.000 1.074 -0.017
0.703 5.748 0 0.244 0.433 0.000 0.147 -0.082 0.000 1.057 -0.017
0.715 5.769 0 0.251 0.428 0.000 0.146 -0.085 0.000 1.040 -0.017
0.728 5.791 0 0.259 0.424 0.000 0.145 -0.088 0.000 1.023 -0.017
0.740 5.812 0 0.266 0.420 0.000 0.144 -0.091 0.000 1.006 -0.017
0.754 5.833 0 0.273 0.415 0.000 0.143 -0.094 0.000 0.989 -0.017
0.767 5.854 0 0.280 0.411 0.000 0.142 -0.097 0.000 0.972 -0.017
0.781 5.875 0 0.287 0.406 0.000 0.141 -0.100 0.000 0.954 -0.017
0.795 5.895 0 0.295 0.401 0.000 0.137 -0.101 0.000 0.937 -0.017
0.810 5.915 0 0.301 0.396 0.000 0.136 -0.104 0.000 0.920 -0.017
0.825 5.935 0 0.308 0.391 0.000 0.134 -0.106 0.000 0.903 -0.017
0.840 5.955 0 0.315 0.385 0.000 0.133 -0.109 0.000 0.886 -0.017
0.855 5.974 0 0.321 0.380 0.000 0.131 -0.112 0.000 0.868 -0.017
0.871 5.994 0 0.328 0.374 0.000 0.130 -0.114 0.000 0.851 -0.017
0.887 6.012 0 0.335 0.368 0.000 0.129 -0.117 0.000 0.834 -0.017
0.904 6.031 0 0.341 0.363 0.000 0.123 -0.117 0.000 0.816 -0.017
0.921 6.049 0 0.347 0.357 0.000 0.122 -0.119 0.000 0.799 -0.017
0.938 6.067 0 0.353 0.351 0.000 0.120 -0.122 0.000 0.782 -0.017
0.956 6.085 0 0.359 0.345 0.000 0.118 -0.124 0.000 0.765 -0.017
0.973 6.102 0 0.365 0.339 0.000 0.117 -0.127 0.000 0.748 -0.017
0.992 6.119 0 0.371 0.332 0.000 0.115 -0.129 0.000 0.730 -0.017
1.010 6.136 0 0.377 0.326 0.000 0.113 -0.132 0.000 0.713 -0.017
1.029 6.153 0 0.382 0.319 0.000 0.111 -0.134 0.000 0.695 -0.018
1.048 6.169 0 0.388 0.312 0.000 0.106 -0.132 0.000 0.678 -0.017
1.067 6.185 0 0.393 0.306 0.000 0.104 -0.135 0.000 0.661 -0.017
1.086 6.200 0 0.398 0.299 0.000 0.102 -0.137 0.000 0.644 -0.017
1.106 6.215 0 0.404 0.292 0.000 0.100 -0.139 0.000 0.627 -0.017
1.126 6.230 0 0.409 0.285 0.000 0.098 -0.141 0.000 0.610 -0.017
1.147 6.244 0 0.413 0.278 0.000 0.096 -0.143 0.000 0.592 -0.017
1.167 6.258 0 0.418 0.271 0.000 0.093 -0.146 0.000 0.575 -0.017
1.188 6.272 0 0.423 0.264 0.000 0.091 -0.148 0.000 0.558 -0.017
1.209 6.286 0 0.427 0.256 0.000 0.086 -0.144 0.000 0.540 -0.017
1.230 6.299 0 0.432 0.249 0.000 0.084 -0.146 0.000 0.523 -0.017
1.252 6.311 0 0.436 0.242 0.000 0.082 -0.148 0.000 0.507 -0.017
1.273 6.323 0 0.440 0.235 0.000 0.079 -0.149 0.000 0.490 -0.017
1.295 6.335 0 0.444 0.227 0.000 0.077 -0.151 0.000 0.473 -0.017
1.317 6.347 0 0.448 0.219 0.000 0.075 -0.153 0.000 0.456 -0.017
1.340 6.358 0 0.452 0.212 0.000 0.073 -0.155 0.000 0.439 -0.017
1.362 6.369 0 0.455 0.204 0.000 0.070 -0.158 0.000 0.421 -0.017
1.385 6.379 0 0.459 0.196 0.000 0.065 -0.153 0.000 0.404 -0.017
1.408 6.389 0 0.462 0.189 0.000 0.062 -0.154 0.000 0.387 -0.017
1.431 6.399 0 0.465 0.181 0.000 0.060 -0.156 0.000 0.371 -0.017
1.454 6.408 0 0.468 0.173 0.000 0.058 -0.157 0.000 0.354 -0.017
1.477 6.417 0 0.471 0.165 0.000 0.055 -0.159 0.000 0.337 -0.017
1.501 6.425 0 0.474 0.157 0.000 0.053 -0.161 0.000 0.320 -0.017
1.524 6.434 0 0.476 0.149 0.000 0.050 -0.162 0.000 0.303 -0.017
1.548 6.441 0 0.479 0.141 0.000 0.048 -0.164 0.000 0.286 -0.017
1.572 6.448 0 0.481 0.133 0.000 0.045 -0.166 0.000 0.269 -0.017
1.596 6.455 0 0.484 0.125 0.000 0.043 -0.168 0.000 0.252 -0.017
1.620 6.462 0 0.486 0.116 0.000 0.040 -0.170 0.000 0.235 -0.018
1.644 6.468 0 0.488 0.108 0.000 0.037 -0.173 0.000 0.217 -0.018
1.669 6.473 0 0.490 0.099 0.000 0.035 -0.175 0.000 0.200 -0.018
1.693 6.478 0 0.491 0.090 0.000 0.032 -0.178 0.000 0.182 -0.018
1.718 6.483 0 0.493 0.081 0.000 0.029 -0.181 0.000 0.164 -0.018
1.742 6.488 0 0.494 0.072 0.000 0.018 -0.127 0.000 0.145 -0.013
1.767 6.491 0 0.495 0.066 0.000 0.017 -0.128 0.000 0.132 -0.013
1.792 6.495 0 0.496 0.060 0.000 0.015 -0.129 0.000 0.119 -0.013
1.817 6.498 0 0.497 0.053 0.000 0.014 -0.130 0.000 0.106 -0.013
1.841 6.501 0 0.497 0.047 0.000 0.012 -0.132 0.000 0.093 -0.013
1.866 6.503 0 0.498 0.040 0.000 0.010 -0.133 0.000 0.080 -0.013
1.891 6.505 0 0.499 0.033 0.000 0.009 -0.135 0.000 0.067 -0.014
1.916 6.507 0 0.499 0.027 0.000 0.003 -0.046 0.000 0.053 -0.005
1.941 6.509 0 0.499 0.024 0.000 0.002 -0.046 0.000 0.048 -0.005
1.966 6.510 0 0.499 0.022 0.000 0.002 -0.047 0.000 0.044 -0.005
1.991 6.511 0 0.499 0.020 0.000 0.002 -0.047 0.000 0.039 -0.005
2.016 6.512 0 0.499 0.017 0.000 0.002 -0.047 0.000 0.034 -0.005
2.041 6.513 0 0.500 0.015 0.000 0.001 -0.047 0.000 0.030 -0.005
2.066 6.514 0 0.500 0.012 0.000 0.001 -0.047 0.000 0.025 -0.005
2.091 6.514 0 0.500 0.010 0.000 0.001 -0.048 0.000 0.020 -0.005
2.116 6.515 0 0.500 0.008 0.000 0.001 -0.027 0.000 0.015 -0.003
2.141 6.515 0 0.500 0.006 0.000 0.000 -0.027 0.000 0.013 -0.003
2.166 6.516 0 0.500 0.005 0.000 0.000 -0.027 0.000 0.010 -0.003
2.191 6.516 0 0.500 0.004 0.000 0.000 -0.028 0.000 0.007 -0.003
2.216 6.516 0 0.500 0.002 0.000 0.000 -0.028 0.000 0.005 -0.003
2.241 6.516 0 0.500 0.001 0.000 0.000 -0.028 0.000 0.002 -0.003
2.266 6.517 0 0.500 -0.001 0.000 0.000 -0.028 0.000 -0.001 -0.003
2.291 6.517 0 0.500 -0.002 0.000 -0.000 -0.028 0.000 -0.004 -0.003
2.316 6.516 0 0.500 -0.003 0.000 0.000 -0.013 0.000 -0.007 -0.001
2.341 6.516 0 0.500 -0.004 0.000 -0.000 -0.013 0.000 -0.008 -0.001
2.366 6.516 0 0.500 -0.005 0.000 -0.000 -0.013 0.000 -0.009 -0.001
2.391 6.516 0 0.500 -0.005 0.000 -0.000 -0.013 0.000 -0.010 -0.001
2.416 6.516 0 0.500 -0.006 0.000 -0.000 -0.013 0.000 -0.012 -0.001
2.441 6.515 0 0.500 -0.007 0.000 -0.000 -0.013 0.000 -0.013 -0.001
2.466 6.515 0 0.500 -0.007 0.000 -0.000 -0.013 0.000 -0.014 -0.001
2.491 6.515 0 0.500 -0.008 0.000 -0.000 -0.013 0.000 -0.016 -0.001
2.516 6.514 0 0.500 -0.008 0.000 0.000 -0.003 0.000 -0.017 -0.000
2.541 6.514 0 0.500 -0.009 0.000 0.000 -0.003 0.000 -0.017 -0.000
2.566 6.514 0 0.500 -0.009 0.000 0.000 -0.003 0.000 -0.018 -0.000
2.591 6.513 0 0.500 -0.009 0.000 0.000 -0.003 0.000 -0.018 -0.000
2.616 6.513 0 0.500 -0.009 0.000 0.000 -0.003 0.000 -0.018 -0.000
2.641 6.512 0 0.500 -0.009 0.000 0.000 -0.003 0.000 -0.018 -0.000
2.666 6.512 0 0.500 -0.009 0.000 0.000 -0.003 0.000 -0.019 -0.000
2.691 6.511 0 0.500 -0.010 0.000 0.000 -0.003 0.000 -0.019 -0.000
2.716 6.511 0 0.500 -0.010 0.000 0.000 0.003 0.000 -0.019 0.000
2.741 6.510 0 0.500 -0.010 0.000 0.000 0.003 0.000 -0.019 0.000
2.766 6.510 0 0.500 -0.009 0.000 0.000 0.003 0.000 -0.019 0.000
2.791 6.509 0 0.500 -0.009 0.000 0.000 0.003 0.000 -0.019 0.000
2.816 6.509 0 0.500 -0.009 0.000 0.000 0.003 0.000 -0.018 0.000
2.840 6.508 0 0.500 -0.009 0.000 0.000 0.003 0.000 -0.018 0.000
2.865 6.508 0 0.500 -0.009 0.000 0.000 0.003 0.000 -0.018 0.000
2.890 6.508 0 0.500 -0.009 0.000 0.000 0.003 0.000 -0.018 0.000
2.915 6.507 0 0.500 -0.009 0.000 0.000 0.005 0.000 -0.017 0.000
2.940 6.507 0 0.500 -0.008 0.000 0.000 0.005 0.000 -0.017 0.000
2.965 6.506 0 0.500 -0.008 0.000 0.000 0.005 0.000 -0.016 0.000
2.990 6.506 0 0.500 -0.008 0.000 0.000 0.005 0.000 -0.016 0.000
3.015 6.506 0 0.500 -0.008 0.000 0.000 0.005 0.000 -0.015 0.000
3.040 6.505 0 0.500 -0.007 0.000 0.000 0.005 0.000 -0.015 0.000
3.065 6.505 0 0.500 -0.007 0.000 0.000 0.005 0.000 -0.014 0.000
3.090 6.504 0 0.500 -0.007 0.000 0.000 0.005 0.000 -0.014 0.000
3.115 6.504 0 0.500 -0.007 0.000 0.000 0.005 0.000 -0.013 0.001
3.140 6.504 0 0.500 -0.006 0.000 0.000 0.005 0.000 -0.013 0.001
3.165 6.503 0 0.500 -0.006 0.000 0.000 0.005 0.000 -0.012 0.001
3.190 6.503 0 0.500 -0.006 0.000 0.000 0.005 0.000 -0.012 0.001
3.215 6.503 0 0.500 -0.006 0.000 0.000 0.005 0.000 -0.011 0.001
3.240 6.503 0 0.500 -0.005 0.000 0.000 0.005 0.000 -0.011 0.001
3.265 6.502 0 0.500 -0.005 0.000 0.000 0.005 0.000 -0.010 0.001
3.290 6.502 0 0.500 -0.005 0.000 0.000 0.005 0.000 -0.010 0.001
3.315 6.502 0 0.500 -0.005 0.000 0.000 0.005 0.000 -0.009 0.000
3.340 6.502 0 0.500 -0.004 0.000 0.000 0.005 0.000 -0.009 0.000
3.365 6.501 0 0.500 -0.004 0.000 0.000 0.005 0.000 -0.008 0.000
3.390 6.501 0 0.500 -0.004 0.000 0.000 0.005 0.000 -0.008 0.000
3.415 6.501 0 0.500 -0.004 0.000 0.000 0.005 0.000 -0.007 0.000
3.440 6.501 0 0.500 -0.003 0.000 0.000 0.005 0.000 -0.007 0.000
3.465 6.501 0 0.500 -0.003 0.000 0.000 0.005 0.000 -0.006 0.000
3.490 6.501 0 0.500 -0.003 0.000 0.000 0.005 0.000 -0.006 0.000
3.515 6.500 0 0.500 -0.003 0.000 0.000 0.003 0.000 -0.005 0.000
3.540 6.500 0 0.500 -0.002 0.000 0.000 0.003 0.000 -0.005 0.000
3.565 6.500 0 0.500 -0.002 0.000 0.000 0.003 0.000 -0.005 0.000
3.590 6.500 0 0.500 -0.002 0.000 0.000 0.003 0.000 -0.004 0.000
3.615 6.500 0 0.500 -0.002 0.000 0.000 0.003 0.000 -0.004 0.000
3.640 6.500 0 0.500 -0.002 0.000 0.000 0.003 0.000 -0.004 0.000
3.665 6.500 0 0.500 -0.002 0.000 0.000 0.003 0.000 -0.003 0.000
3.690 6.500 0 0.500 -0.001 0.000 0.000 0.003 0.000 -0.003 0.000
3.715 6.500 0 0.500 -0.001 0.000 0.000 0.002 0.000 -0.003 0.000
3.740 6.500 0 0.500 -0.001 0.000 0.000 0.002 0.000 -0.002 0.000
3.765 6.500 0 0.500 -0.001 0.000 0.000 0.002 0.000 -0.002 0.000
3.790 6.499 0 0.500 -0.001 0.000 0.000 0.002 0.000 -0.002 0.000
3.815 6.499 0 0.500 -0.001 0.000 0.000 0.002 0.000 -0.002 0.000
3.840 6.499 0 0.500 -0.001 0.000 0.000 0.002 0.000 -0.001 0.000
3.865 6.499 0 0.500 -0.001 0.000 0.000 0.002 0.000 -0.001 0.000
3.890 6.499 0 0.500 -0.000 0.000 0.000 0.002 0.000 -0.001 0.000
3.915 6.499 0 0.500 -0.000 0.000 0.000 0.001 0.000 -0.001 0.000
3.940 6.499 0 0.500 -0.000 0.000 0.000 0.001 0.000 -0.001 0.000
3.965 6.499 0 0.500 -0.000 0.000 0.000 0.001 0.000 -0.001 0.000
3.990 6.499 0 0.500 -0.000 0.000 0.000 0.001 0.000 -0.000 0.000
4.015 6.499 0 0.500 -0.000 0.000 0.000 0.001 0.000 -0.000 0.000
4.040 6.499 0 0.500 -0.000 0.000 0.000 0.001 0.000 -0.000 0.000
4.065 6.499 0 0.500 0.000 0.000 0.000 0.001 0.000 0.000 0.000
4.090 6.499 0 0.500 0.000 0.000 0.000 0.001 0.000 0.000 0.000
4.115 6.499 0 0.500 0.000 0.000 0.000 0.001 0.000 0.000 0.000
4.140 6.499 0 0.500 0.000 0.000 0.000 0.001 0.000 0.000 0.000
4.165 6.499 0 0.500 0.000 0.000 0.000 0.001 0.000 0.000 0.000
4.190 6.499 0 0.500 0.000 0.000 0.000 0.001 0.000 0.000 0.000
4.215 6.499 0 0.500 0.000 0.000 0.000 0.001 0.000 0.001 0.000
4.240 6.499 0 0.500 0.000 0.000 0.000 0.001 0.000 0.001 0.000
4.265 6.499 0 0.500 0.000 0.000 0.000 0.001 0.000 0.001 0.000
4.290 6.499 0 0.500 0.000 0.000 0.000 0.001 0.000 0.001 0.000
4.315 6.499 0 0.500 0.000 0.000 0.000 0.000 0.000 0.001 0.000
4.340 6.499 0 0.500 0.000 0.000 0.000 0.000 0.000 0.001 0.000
4.365 6.499 0 0.500 0.000 0.000 0.000 0.000 0.000 0.001 0.000
4.390 6.499 0 0.500 0.000 0.000 0.000 0.000 0.000 0.001 0.000
4.415 6.499 0 0.500 0.000 0.000 0.000 0.000 0.000 0.001 0.000
4.440 6.499 0 0.500 0.000 0.000 0.000 0.000 0.000 0.001 0.000
4.465 6.499 0 0.500 0.000 0.000 0.000 0.000 0.000 0.001 0.000
4.490 6.499 0 0.500 0.000 0.000 0.000 0.000 0.000 0.001 0.000
4.515 6.500 0 0.500 0.000 0.000 0.000 0.000 0.000 0.001 0.000
4.540 6.500 0 0.500 0.000 0.000 0.000 0.000 0.000 0.001 0.000
4.565 6.500 0 0.500 0.000 0.000 0.000 0.000 0.000 0.001 0.000
4.590 6.500 0 0.500 0.000 0.000 0.000 0.000 0.000 0.001 0.000
4.615 6.500 0 0.500 0.000 0.000 0.000 0.000 0.000 0.001 0.000
4.640 6.500 0 0.500 0.000 0.000 0.000 0.000 0.000 0.001 0.000
4.665 6.500 0 0.500 0.000 0.000 0.000 0.000 0.000 0.001 0.000
4.690 6.500 0 0.500 0.000 0.000 0.000 0.000 0.000 0.001 0.000
4.715 6.500 0 0.500 0.000 0.000 0.000 -0.000 0.000 0.001 -0.000
4.740 6.500 0 0.500 0.000 0.000 0.000 -0.000 0.000 0.001 -0.000
4.765 6.500 0 0.500 0.000 0.000 0.000 -0.000 0.000 0.001 -0.000
4.790 6.500 0 0.500 0.000 0.000 0.000 -0.000 0.000 0.001 -0.000
4.815 6.500 0 0.500 0.000 0.000 0.000 -0.000 0.000 0.001 -0.000
4.840 6.500 0 0.500 0.000 0.000 0.000 -0.000 0.000 0.001 -0.000
4.865 6.500 0 0.500 0.000 0.000 0.000 -0.000 0.000 0.001 -0.000
4.890 6.500 0 0.500 0.000 0.000 0.000 -0.000 0.000 0.001 -0.000
4.915 6.500 0 0.500 0.000 0.000 0.000 -0.000 0.000 0.001 -0.000
4.940 6.500 0 0.500 0.000 0.000 0.000 -0.000 0.000 0.001 -0.000
4.965 6.500 0 0.500 0.000 0.000 0.000 -0.000 0.000 0.001 -0.000
4.990 6.500 0 0.500 0.000 0.000 0.000 -0.000 0.000 0.001 -0.000
5.015 6.500 0 0.500 0.000 0.000 0.000 -0.000 0.000 0.001 -0.000
5.040 6.500 0 0.500 0.000 0.000 0.000 -0.000 0.000 0.000 -0.000
5.065 6.500 0 0.500 0.000 0.000 0.000 -0.000 0.000 0.000 -0.000
5.090 6.500 0 0.500 0.000 0.000 0.000 -0.000 0.000 0.000 -0.000
5.115 6.500 0 0.500 0.000 0.000 0.000 -0.000 0.000 0.000 -0.000
5.140 6.500 0 0.500 0.000 0.000 0.000 -0.000 0.000 0.000 -0.000
5.165 6.500 0 0.500 0.000 0.000 0.000 -0.000 0.000 0.000 -0.000
5.190 6.500 0 0.500 0.000 0.000 0.000 -0.000 0.000 0.000 -0.000
5.215 6.500 0 0.500 0.000 0.000 0.000 -0.000 0.000 0.000 -0.000
5.240 6.500 0 0.500 0.000 0.000 0.000 -0.000 0.000 0.000 -0.000
5.265 6.500 0 0.500 0.000 0.000 0.000 -0.000 0.000 0.000 -0.000
5.290 6.500 0 0.500 0.000 0.000 0.000 -0.000 0.000 0.000 -0.000
5.315 6.500 0 0.500 0.000 0.000 0.000 -0.000 0.000 0.000 -0.000
5.340 6.500 0 0.500 0.000 0.000 0.000 -0.000 0.000 0.000 -0.000
5.365 6.500 0 0.500 0.000 0.000 0.000 -0.000 0.000 0.000 -0.000
5.390 6.500 0 0.500 0.000 0.000 0.000 -0.000 0.000 0.000 -0.000
5.415 6.500 0 0.500 0.000 0.000 0.000 -0.000 0.000 0.000 -0.000
5.440 6.500 0 0.500 0.000 0.000 0.000 -0.000 0.000 0.000 -0.000
5.465 6.500 0 0.500 0.000 0.000 0.000 0.000 0.000 0.000 0.000
5.490 6.500 0 0.500 0.000 0.000 0.000 0.000 0.000 0.000 0.000
5.515 6.500 0 0.500 0.000 0.000 0.000 -0.000 0.000 0.000 -0.000
5.540 6.500 0 0.500 0.000 0.000 0.000 -0.000 0.000 0.000 -0.000
5.565 6.500 0 0.500 0.000 0.000 0.000 -0.000 0.000 0.000 -0.000
5.590 6.500 0 0.500 0.000 0.000 0.000 0.000 0.000 0.000 0.000
5.615 6.500 0 0.500 0.000 0.000 0.000 0.000 0.000 0.000 0.000
5.640 6.500 0 0.500 0.000 0.000 0.000 0.000 0.000 0.000 0.000
5.665 6.500 0 0.500 0.000 0.000 0.000 0.000 0.000 0.000 0.000
5.690 6.500 0 0.500 0.000 0.000 0.000 0.000 0.000 0.000 0.000
5.715 6.500 0 0.500 0.000 0.000 -0.091 -0.000 0.000 0.000 -0.000
5.740 6.500 0 0.495 0.000 0.000 -0.091 -0.000 0.000 0.000 -0.000
5.765 6.500 0 0.491 0.000 0.000 -0.007 -0.000 0.000 0.000 0.000
5.789 6.500 0 0.491 0.000 0.000 -0.007 -0.000 0.000 0.000 0.000
5.814 6.500 0 0.490 0.000 0.000 -0.007 -0.000 0.000 0.000 0.000
5.838 6.500 0 0.490 0.000 0.000 -0.007 -0.000 0.000 0.000 0.000
5.863 6.500 0 0.489 0.000 0.000 -0.007 -0.000 0.000 0.000 0.000
5.887 6.500 0 0.489 0.000 0.000 -0.007 -0.000 0.000 0.000 0.000
5.912 6.500 0 0.489 0.000 0.000 0.008 -0.000 0.000 0.000 -0.000
5.936 6.500 0 0.489 0.000 0.000 0.008 -0.000 0.000 0.000 -0.000
5.961 6.500 0 0.490 0.000 0.000 0.001 0.000 0.000 0.000 0.000
5.985 6.500 0 0.490 0.000 0.000 0.001 0.000 0.000 0.000 0.000
6.010 6.500 0 0.490 0.000 0.000 0.001 0.000 0.000 0.000 0.000
6.034 6.500 0 0.490 0.000 0.000 0.001 0.000 0.000 0.000 0.000
6.059 6.500 0 0.490 0.000 0.000 0.001 0.000 0.000 0.000 0.000
6.083 6.500 0 0.490 0.000 0.000 0.001 0.000 0.000 0.000 0.000
6.108 6.500 0 0.490 0.000 0.000 0.003 -0.340 0.000 0.000 -0.035
6.132 6.501 0 0.490 -0.017 0.000 -0.009 -0.342 0.000 -0.035 -0.035
6.157 6.500 0 0.490 -0.034 0.000 -0.021 -0.343 0.000 -0.070 -0.035
6.181 6.499 0 0.488 -0.051 0.000 -0.033 -0.345 0.000 -0.105 -0.035
6.206 6.497 0 0.487 -0.069 0.000 -0.046 -0.346 0.000 -0.140 -0.035
6.230 6.494 0 0.485 -0.086 0.000 -0.058 -0.346 0.000 -0.175 -0.036
6.254 6.490 0 0.482 -0.103 0.000 -0.071 -0.347 0.000 -0.211 -0.036
6.279 6.485 0 0.478 -0.120 0.000 -0.085 -0.347 0.000 -0.247 -0.036
6.303 6.480 0 0.474 -0.138 0.000 -0.176 -0.563 0.000 -0.283 -0.060
6.327 6.473 0 0.465 -0.166 0.000 -0.210 -0.553 0.000 -0.343 -0.060
6.350 6.466 0 0.455 -0.194 0.000 -0.243 -0.542 0.000 -0.403 -0.060
6.373 6.457 0 0.442 -0.221 0.000 -0.277 -0.528 0.000 -0.463 -0.060
6.395 6.446 0 0.429 -0.247 0.000 -0.310 -0.513 0.000 -0.523 -0.061
6.417 6.435 0 0.413 -0.273 0.000 -0.342 -0.496 0.000 -0.584 -0.061
6.438 6.422 0 0.396 -0.298 0.000 -0.374 -0.477 0.000 -0.644 -0.061
6.459 6.407 0 0.377 -0.321 0.000 -0.406 -0.457 0.000 -0.706 -0.062
6.478 6.392 0 0.357 -0.344 0.000 -0.437 -0.435 0.000 -0.767 -0.062
6.496 6.375 0 0.335 -0.366 0.000 -0.469 -0.411 0.000 -0.829 -0.063
6.514 6.357 0 0.312 -0.387 0.000 -0.305 -0.239 0.000 -0.892 -0.039
6.530 6.338 0 0.296 -0.399 0.000 -0.315 -0.228 0.000 -0.931 -0.039
6.545 6.319 0 0.281 -0.410 0.000 -0.324 -0.216 0.000 -0.970 -0.039
6.559 6.299 0 0.265 -0.421 0.000 -0.333 -0.203 0.000 -1.009 -0.039
6.573 6.278 0 0.248 -0.431 0.000 -0.341 -0.190 0.000 -1.049 -0.039
6.586 6.257 0 0.231 -0.440 0.000 -0.350 -0.177 0.000 -1.088 -0.039
6.598 6.235 0 0.213 -0.449 0.000 -0.358 -0.164 0.000 -1.127 -0.040
6.609 6.213 0 0.195 -0.457 0.000 -0.365 -0.150 0.000 -1.167 -0.040
6.619 6.190 0 0.177 -0.465 0.000 -0.257 -0.096 0.000 -1.207 -0.028
6.628 6.167 0 0.164 -0.470 0.000 -0.260 -0.089 0.000 -1.234 -0.028
6.637 6.143 0 0.151 -0.474 0.000 -0.263 -0.082 0.000 -1.262 -0.028
6.645 6.120 0 0.138 -0.478 0.000 -0.266 -0.075 0.000 -1.289 -0.028
6.652 6.096 0 0.125 -0.482 0.000 -0.269 -0.067 0.000 -1.317 -0.028
6.658 6.072 0 0.112 -0.485 0.000 -0.271 -0.060 0.000 -1.345 -0.028
6.664 6.048 0 0.098 -0.488 0.000 -0.274 -0.053 0.000 -1.373 -0.028
6.670 6.023 0 0.084 -0.491 0.000 -0.276 -0.045 0.000 -1.401 -0.028
6.674 5.999 0 0.070 -0.493 0.000 -0.172 -0.024 0.000 -1.429 -0.017
6.678 5.974 0 0.062 -0.494 0.000 -0.172 -0.021 0.000 -1.446 -0.017
6.681 5.950 0 0.053 -0.496 0.000 -0.173 -0.018 0.000 -1.464 -0.017
6.684 5.925 0 0.045 -0.496 0.000 -0.174 -0.015 0.000 -1.481 -0.018
6.687 5.900 0 0.036 -0.497 0.000 -0.175 -0.012 0.000 -1.499 -0.018
6.689 5.875 0 0.027 -0.498 0.000 -0.176 -0.009 0.000 -1.516 -0.018
6.690 5.850 0 0.018 -0.498 0.000 -0.176 -0.006 0.000 -1.534 -0.018
6.691 5.825 0 0.010 -0.499 0.000 -0.177 -0.003 0.000 -1.552 -0.018
6.692 5.800 0 0.001 -0.499 0.000 -0.178 0.000 0.000 -1.569 -0.018
6.692 5.776 0 -0.008 -0.499 0.000 -0.087 0.001 0.000 -1.587 -0.009
6.692 5.751 0 -0.013 -0.499 0.000 -0.087 0.002 0.000 -1.596 -0.009
6.691 5.726 0 -0.017 -0.499 0.000 -0.087 0.002 0.000 -1.605 -0.009
6.691 5.701 0 -0.021 -0.498 0.000 -0.088 0.003 0.000 -1.613 -0.009
6.690 5.676 0 -0.026 -0.498 0.000 -0.088 0.004 0.000 -1.622 -0.009
6.689 5.651 0 -0.030 -0.498 0.000 -0.088 0.005 0.000 -1.631 -0.009
6.687 5.626 0 -0.034 -0.498 0.000 -0.089 0.006 0.000 -1.640 -0.009
6.686 5.601 0 -0.039 -0.498 0.000 -0.089 0.006 0.000 -1.649 -0.009
6.684 5.576 0 -0.043 -0.497 0.000 -0.026 0.002 0.000 -1.658 -0.003
6.682 5.551 0 -0.045 -0.497 0.000 -0.027 0.002 0.000 -1.660 -0.003
6.679 5.526 0 -0.046 -0.497 0.000 -0.027 0.002 0.000 -1.663 -0.003
6.677 5.502 0 -0.047 -0.497 0.000 -0.027 0.002 0.000 -1.666 -0.003
6.675 5.477 0 -0.049 -0.497 0.000 -0.027 0.002 0.000 -1.668 -0.003
6.672 5.452 0 -0.050 -0.497 0.000 -0.027 0.002 0.000 -1.671 -0.003
6.670 5.427 0 -0.051 -0.497 0.000 -0.027 0.002 0.000 -1.674 -0.003
6.667 5.402 0 -0.053 -0.497 0.000 -0.027 0.002 0.000 -1.677 -0.003
6.665 5.377 0 -0.054 -0.496 0.000 0.009 -0.001 0.000 -1.679 0.001
6.662 5.353 0 -0.054 -0.497 0.000 0.009 -0.001 0.000 -1.678 0.001
6.659 5.328 0 -0.053 -0.497 0.000 0.009 -0.001 0.000 -1.677 0.001
6.657 5.303 0 -0.053 -0.497 0.000 0.009 -0.001 0.000 -1.676 0.001
6.654 5.278 0 -0.052 -0.497 0.000 0.009 -0.001 0.000 -1.675 0.001
6.652 5.253 0 -0.052 -0.497 0.000 0.009 -0.001 0.000 -1.674 0.001
6.649 5.228 0 -0.051 -0.497 0.000 0.010 -0.001 0.000 -1.674 0.001
6.646 5.203 0 -0.051 -0.497 0.000 0.010 -0.001 0.000 -1.673 0.001
6.644 5.179 0 -0.050 -0.497 0.000 0.026 -0.003 0.000 -1.672 0.003
6.641 5.154 0 -0.049 -0.497 0.000 0.026 -0.003 0.000 -1.669 0.003
6.639 5.129 0 -0.048 -0.497 0.000 0.026 -0.003 0.000 -1.666 0.003
6.637 5.104 0 -0.046 -0.497 0.000 0.026 -0.003 0.000 -1.664 0.003
6.634 5.079 0 -0.045 -0.498 0.000 0.026 -0.003 0.000 -1.661 0.003
6.632 5.054 0 -0.044 -0.498 0.000 0.026 -0.003 0.000 -1.658 0.003
6.630 5.029 0 -0.042 -0.498 0.000 0.026 -0.003 0.000 -1.656 0.003
6.628 5.004 0 -0.041 -0.498 0.000 0.026 -0.002 0.000 -1.653 0.003
6.626 4.980 0 -0.040 -0.498 0.000 0.030 -0.003 0.000 -1.650 0.003
6.624 4.955 0 -0.038 -0.498 0.000 0.030 -0.002 0.000 -1.647 0.003
6.622 4.930 0 -0.037 -0.498 0.000 0.030 -0.002 0.000 -1.644 0.003
6.620 4.905 0 -0.035 -0.498 0.000 0.030 -0.002 0.000 -1.641 0.003
6.619 4.880 0 -0.034 -0.499 0.000 0.030 -0.002 0.000 -1.638 0.003
6.617 4.855 0 -0.032 -0.499 0.000 0.030 -0.002 0.000 -1.635 0.003
6.615 4.830 0 -0.031 -0.499 0.000 0.030 -0.002 0.000 -1.632 0.003
6.614 4.805 0 -0.029 -0.499 0.000 0.030 -0.002 0.000 -1.629 0.003
6.612 4.780 0 -0.028 -0.499 0.000 0.027 -0.002 0.000 -1.626 0.003
6.611 4.755 0 -0.026 -0.499 0.000 0.027 -0.002 0.000 -1.623 0.003
6.610 4.730 0 -0.025 -0.499 0.000 0.027 -0.001 0.000 -1.621 0.003
6.609 4.705 0 -0.024 -0.499 0.000 0.027 -0.001 0.000 -1.618 0.003
6.608 4.680 0 -0.022 -0.499 0.000 0.027 -0.001 0.000 -1.615 0.003
6.606 4.655 0 -0.021 -0.499 0.000 0.027 -0.001 0.000 -1.612 0.003
6.605 4.630 0 -0.019 -0.499 0.000 0.027 -0.001 0.000 -1.610 0.003
6.604 4.605 0 -0.018 -0.500 0.000 0.027 -0.001 0.000 -1.607 0.003
6.604 4.580 0 -0.017 -0.500 0.000 0.021 -0.001 0.000 -1.604 0.002
6.603 4.555 0 -0.016 -0.500 0.000 0.021 -0.001 0.000 -1.602 0.002
6.602 4.530 0 -0.015 -0.500 0.000 0.021 -0.001 0.000 -1.600 0.002
6.601 4.505 0 -0.014 -0.500 0.000 0.021 -0.001 0.000 -1.598 0.002
6.601 4.480 0 -0.013 -0.500 0.000 0.021 -0.001 0.000 -1.596 0.002
6.600 4.456 0 -0.012 -0.500 0.000 0.021 -0.001 0.000 -1.594 0.002
6.600 4.431 0 -0.011 -0.500 0.000 0.021 -0.001 0.000 -1.592 0.002
6.599 4.406 0 -0.010 -0.500 0.000 0.021 -0.000 0.000 -1.590 0.002
6.599 4.381 0 -0.008 -0.500 0.000 0.014 -0.000 0.000 -1.588 0.001
6.598 4.356 0 -0.008 -0.500 0.000 0.014 -0.000 0.000 -1.586 0.001
6.598 4.331 0 -0.007 -0.500 0.000 0.014 -0.000 0.000 -1.585 0.001
6.597 4.306 0 -0.006 -0.500 0.000 0.014 -0.000 0.000 -1.584 0.001
6.597 4.281 0 -0.006 -0.500 0.000 0.014 -0.000 0.000 -1.582 0.001
6.597 4.256 0 -0.005 -0.500 0.000 0.014 -0.000 0.000 -1.581 0.001
6.597 4.231 0 -0.004 -0.500 0.000 0.014 -0.000 0.000 -1.579 0.001
6.596 4.206 0 -0.004 -0.500 0.000 0.014 -0.000 0.000 -1.578 0.001
6.596 4.181 0 -0.003 -0.500 0.000 0.008 -0.000 0.000 -1.577 0.001
6.596 4.156 0 -0.002 -0.500 0.000 0.008 -0.000 0.000 -1.576 0.001
6.596 4.131 0 -0.002 -0.500 0.000 0.008 -0.000 0.000 -1.575 0.001
6.596 4.106 0 -0.002 -0.500 0.000 0.008 -0.000 0.000 -1.574 0.001
6.596 4.081 0 -0.001 -0.500 0.000 0.008 -0.000 0.000 -1.573 0.001
6.596 4.056 0 -0.001 -0.500 0.000 0.008 -0.000 0.000 -1.572 0.001
6.596 4.031 0 -0.000 -0.500 0.000 0.008 -0.000 0.000 -1.572 0.001
6.596 4.006 0 0.000 -0.500 0.000 0.008 -0.000 0.000 -1.571 0.001
6.596 3.981 0 0.000 -0.500 0.000 0.004 -0.000 0.000 -1.570 0.000
6.596 3.956 0 0.001 -0.500 0.000 0.004 -0.000 0.000 -1.570 0.000
6.596 3.931 0 0.001 -0.500 0.000 0.004 -0.000 0.000 -1.569 0.000
6.596 3.906 0 0.001 -0.500 0.000 0.004 -0.000 0.000 -1.569 0.000
6.596 3.881 0 0.001 -0.500 0.000 0.004 -0.000 0.000 -1.568 0.000
6.596 3.856 0 0.001 -0.500 0.000 0.004 -0.000 0.000 -1.568 0.000
6.596 3.831 0 0.002 -0.500 0.000 0.004 -0.000 0.000 -1.568 0.000
6.596 3.806 0 0.002 -0.500 0.000 0.004 -0.000 0.000 -1.567 0.000
6.596 3.781 0 0.002 -0.500 0.000 0.001 -0.000 0.000 -1.567 0.000
6.596 3.756 0 0.002 -0.500 0.000 0.001 -0.000 0.000 -1.567 0.000
6.596 3.731 0 0.002 -0.500 0.000 0.001 -0.000 0.000 -1.567 0.000
6.597 3.706 0 0.002 -0.500 0.000 0.001 -0.000 0.000 -1.566 0.000
6.597 3.681 0 0.002 -0.500 0.000 0.001 -0.000 0.000 -1.566 0.000
6.597 3.656 0 0.002 -0.500 0.000 0.001 -0.000 0.000 -1.566 0.000
6.597 3.631 0 0.002 -0.500 0.000 0.001 -0.000 0.000 -1.566 0.000
6.597 3.606 0 0.002 -0.500 0.000 0.001 -0.000 0.000 -1.566 0.000
6.597 3.581 0 0.002 -0.500 0.000 -0.000 -0.000 0.000 -1.566 -0.000
6.597 3.556 0 0.002 -0.500 0.000 -0.000 -0.000 0.000 -1.566 -0.000
6.597 3.531 0 0.002 -0.500 0.000 -0.001 -0.000 0.000 -1.566 -0.000
6.598 3.506 0 0.002 -0.500 0.000 -0.001 -0.000 0.000 -1.566 -0.000
6.598 3.481 0 0.002 -0.500 0.000 -0.001 -0.000 0.000 -1.566 -0.000
6.598 3.456 0 0.002 -0.500 0.000 -0.001 -0.000 0.000 -1.566 -0.000
6.598 3.431 0 0.002 -0.500 0.000 -0.001 -0.000 0.000 -1.566 -0.000
6.598 3.406 0 0.002 -0.500 0.000 -0.001 -0.000 0.000 -1.566 -0.000
6.598 3.381 0 0.002 -0.500 0.000 -0.001 -0.000 0.000 -1.566 -0.000
6.598 3.356 0 0.002 -0.500 0.000 -0.001 -0.000 0.000 -1.566 -0.000
6.598 3.331 0 0.002 -0.500 0.000 -0.001 -0.000 0.000 -1.567 -0.000
6.598 3.306 0 0.002 -0.500 0.000 -0.001 -0.000 0.000 -1.567 -0.000
6.599 3.281 0 0.002 -0.500 0.000 -0.001 -0.000 0.000 -1.567 -0.000
6.599 3.256 0 0.002 -0.500 0.000 -0.001 -0.000 0.000 -1.567 -0.000
6.599 3.231 0 0.002 -0.500 0.000 -0.001 -0.000 0.000 -1.567 -0.000
6.599 3.206 0 0.002 -0.500 0.000 -0.001 -0.000 0.000 -1.567 -0.000
6.599 3.181 0 0.002 -0.500 0.000 -0.001 -0.000 0.000 -1.567 -0.000
6.599 3.156 0 0.002 -0.500 0.000 -0.001 -0.000 0.000 -1.567 -0.000
6.599 3.131 0 0.002 -0.500 0.000 -0.001 -0.000 0.000 -1.568 -0.000
6.599 3.106 0 0.002 -0.500 0.000 -0.001 -0.000 0.000 -1.568 -0.000
6.599 3.081 0 0.001 -0.500 0.000 -0.001 -0.000 0.000 -1.568 -0.000
6.599 3.056 0 0.001 -0.500 0.000 -0.001 -0.000 0.000 -1.568 -0.000
6.599 3.031 0 0.001 -0.500 0.000 -0.001 -0.000 0.000 -1.568 -0.000
6.599 3.006 0 0.001 -0.500 0.000 -0.001 -0.000 0.000 -1.568 -0.000
6.600 2.981 0 0.001 -0.500 0.000 -0.001 -0.000 0.000 -1.568 -0.000
6.600 2.956 0 0.001 -0.500 0.000 -0.001 -0.000 0.000 -1.569 -0.000
6.600 2.931 0 0.001 -0.500 0.000 -0.001 -0.000 0.000 -1.569 -0.000
6.600 2.906 0 0.001 -0.500 0.000 -0.001 -0.000 0.000 -1.569 -0.000
6.600 2.881 0 0.001 -0.500 0.000 -0.001 -0.000 0.000 -1.569 -0.000
6.600 2.856 0 0.001 -0.500 0.000 -0.001 -0.000 0.000 -1.569 -0.000
6.600 2.831 0 0.001 -0.500 0.000 -0.001 -0.000 0.000 -1.569 -0.000
6.600 2.806 0 0.001 -0.500 0.000 -0.001 -0.000 0.000 -1.569 -0.000
6.600 2.781 0 0.001 -0.500 0.000 -0.001 -0.000 0.000 -1.569 -0.000
6.600 2.756 0 0.001 -0.500 0.000 -0.001 -0.000 0.000 -1.570 -0.000
6.600 2.731 0 0.001 -0.500 0.000 -0.001 -0.000 0.000 -1.570 -0.000
6.600 2.706 0 0.001 -0.500 0.000 -0.001 -0.000 0.000 -1.570 -0.000
6.600 2.681 0 0.000 -0.500 0.000 -0.001 -0.000 0.000 -1.570 -0.000
6.600 2.656 0 0.000 -0.500 0.000 -0.001 -0.000 0.000 -1.570 -0.000
6.600 2.631 0 0.000 -0.500 0.000 -0.001 -0.000 0.000 -1.570 -0.000
6.600 2.606 0 0.000 -0.500 0.000 -0.001 -0.000 0.000 -1.570 -0.000
6.600 2.581 0 0.000 -0.500 0.000 -0.001 -0.000 0.000 -1.570 -0.000
6.600 2.556 0 0.000 -0.500 0.000 -0.001 -0.000 0.000 -1.570 -0.000
6.600 2.531 0 0.000 -0.500 0.000 -0.001 -0.000 0.000 -1.570 -0.000
6.600 2.506 0 0.000 -0.500 0.000 -0.001 -0.000 0.000 -1.570 -0.000
6.600 2.481 0 0.000 -0.500 0.000 -0.001 -0.000 0.000 -1.570 -0.000
6.600 2.456 0 0.000 -0.500 0.000 -0.001 -0.000 0.000 -1.570 -0.000
6.600 2.431 0 0.000 -0.500 0.000 -0.001 -0.000 0.000 -1.571 -0.000
6.600 2.406 0 0.000 -0.500 0.000 -0.001 -0.000 0.000 -1.571 -0.000
6.600 2.381 0 0.000 -0.500 0.000 -0.000 -0.000 0.000 -1.571 -0.000
6.600 2.356 0 0.000 -0.500 0.000 -0.000 -0.000 0.000 -1.571 -0.000
6.600 2.331 0 0.000 -0.500 0.000 -0.000 -0.000 0.000 -1.571 -0.000
6.600 2.306 0 0.000 -0.500 0.000 -0.000 -0.000 0.000 -1.571 -0.000
6.600 2.281 0 -0.000 -0.500 0.000 -0.000 -0.000 0.000 -1.571 -0.000
6.600 2.256 0 -0.000 -0.500 0.000 -0.000 -0.000 0.000 -1.571 -0.000
6.600 2.231 0 -0.000 -0.500 0.000 -0.000 -0.000 0.000 -1.571 -0.000
6.600 2.206 0 -0.000 -0.500 0.000 -0.000 -0.000 0.000 -1.571 -0.000
6.600 2.181 0 -0.000 -0.500 0.000 -0.000 0.002 0.000 -1.571 -0.000
6.600 2.156 0 -0.000 -0.500 0.000 -0.000 0.002 0.000 -1.571 -0.000
6.600 2.131 0 -0.000 -0.500 0.000 -0.000 0.002 0.000 -1.571 -0.000
6.600 2.106 0 -0.000 -0.500 0.000 -0.000 0.002 0.000 -1.571 -0.000
6.600 2.081 0 -0.000 -0.500 0.000 0.000 0.000 0.000 -1.571 0.000
6.600 2.056 0 -0.000 -0.500 0.000 0.000 0.000 0.000 -1.571 0.000
6.600 2.031 0 -0.000 -0.500 0.000 0.000 0.000 0.000 -1.571 0.000
6.600 2.006 0 -0.000 -0.500 0.000 0.000 0.000 0.000 -1.571 0.000
6.600 1.981 0 -0.000 -0.500 0.000 0.000 0.005 0.000 -1.571 0.000
6.600 1.956 0 -0.000 -0.499 0.000 0.000 0.005 0.000 -1.571 0.000
6.600 1.931 0 -0.000 -0.499 0.000 0.000 0.005 0.000 -1.571 0.000
6.600 1.906 0 -0.000 -0.499 0.000 0.000 0.005 0.000 -1.571 0.000
6.600 1.881 0 -0.000 -0.498 0.000 0.000 0.005 0.000 -1.571 0.000
6.600 1.856 0 -0.000 -0.498 0.000 0.000 0.005 0.000 -1.571 0.000
6.600 1.831 0 -0.000 -0.498 0.000 0.000 0.005 0.000 -1.571 0.000
6.600 1.806 0 -0.000 -0.498 0.000 0.000 0.005 0.000 -1.571 0.000
6.600 1.781 0 -0.000 -0.497 0.000 0.039 -0.002 0.000 -1.571 0.004
6.600 1.757 0 0.002 -0.498 0.000 0.039 -0.002 0.000 -1.567 0.004
6.600 1.732 0 0.004 -0.498 0.000 0.039 -0.002 0.000 -1.563 0.004
6.601 1.707 0 0.006 -0.498 0.000 0.039 -0.002 0.000 -1.559 0.004
6.601 1.682 0 0.008 -0.498 0.000 0.039 -0.001 0.000 -1.555 0.004
6.601 1.657 0 0.010 -0.498 0.000 0.039 -0.001 0.000 -1.552 0.004
6.602 1.632 0 0.012 -0.498 0.000 0.039 -0.001 0.000 -1.548 0.004
6.602 1.607 0 0.013 -0.498 0.000 0.039 -0.001 0.000 -1.544 0.004
6.603 1.582 0 0.015 -0.498 0.000 -0.283 -0.002 0.000 -1.540 -0.028
6.604 1.557 0 0.001 -0.498 0.000 -0.284 0.006 0.000 -1.568 -0.029
6.605 1.533 0 -0.013 -0.498 0.000 -0.284 0.014 0.000 -1.597 -0.029
6.604 1.508 0 -0.027 -0.497 0.000 -0.285 0.023 0.000 -1.625 -0.029
6.603 1.483 0 -0.041 -0.496 0.000 -0.285 0.031 0.000 -1.654 -0.029
6.602 1.458 0 -0.056 -0.494 0.000 -0.285 0.039 0.000 -1.683 -0.029
6.599 1.433 0 -0.070 -0.492 0.000 -0.285 0.048 0.000 -1.712 -0.029
6.596 1.409 0 -0.084 -0.490 0.000 -0.285 0.056 0.000 -1.741 -0.029
6.592 1.384 0 -0.098 -0.487 0.000 -0.281 0.061 0.000 -1.770 -0.029
6.588 1.360 0 -0.112 -0.484 0.000 -0.279 0.069 0.000 -1.799 -0.029
6.583 1.335 0 -0.126 -0.481 0.000 -0.277 0.077 0.000 -1.828 -0.029
6.577 1.311 0 -0.140 -0.477 0.000 -0.275 0.085 0.000 -1.857 -0.029
6.570 1.287 0 -0.154 -0.473 0.000 -0.273 0.093 0.000 -1.886 -0.029
6.563 1.263 0 -0.168 -0.468 0.000 -0.271 0.101 0.000 -1.915 -0.029
6.554 1.240 0 -0.181 -0.463 0.000 -0.268 0.109 0.000 -1.944 -0.029
6.546 1.217 0 -0.195 -0.457 0.000 -0.266 0.117 0.000 -1.973 -0.029
6.536 1.194 0 -0.208 -0.452 0.000 -0.250 0.119 0.000 -2.002 -0.028
6.526 1.171 0 -0.220 -0.446 0.000 -0.246 0.126 0.000 -2.030 -0.028
6.516 1.148 0 -0.233 -0.439 0.000 -0.243 0.133 0.000 -2.058 -0.028
6.504 1.126 0 -0.245 -0.433 0.000 -0.239 0.140 0.000 -2.086 -0.028
6.492 1.105 0 -0.257 -0.426 0.000 -0.222 0.137 0.000 -2.114 -0.026
6.480 1.083 0 -0.268 -0.419 0.000 -0.218 0.143 0.000 -2.140 -0.026
6.467 1.062 0 -0.279 -0.412 0.000 -0.215 0.149 0.000 -2.166 -0.026
6.453 1.041 0 -0.290 -0.404 0.000 -0.211 0.155 0.000 -2.192 -0.026
6.439 1.021 0 -0.300 -0.396 0.000 -0.207 0.160 0.000 -2.219 -0.026
6.424 1.001 0 -0.310 -0.388 0.000 -0.203 0.166 0.000 -2.245 -0.026
6.409 0.981 0 -0.321 -0.380 0.000 -0.198 0.171 0.000 -2.271 -0.026
6.393 0.962 0 -0.330 -0.372 0.000 -0.194 0.177 0.000 -2.298 -0.026
6.377 0.943 0 -0.340 -0.363 0.000 -0.189 0.182 0.000 -2.324 -0.026
6.360 0.925 0 -0.350 -0.354 0.000 -0.185 0.187 0.000 -2.350 -0.026
6.343 0.907 0 -0.359 -0.344 0.000 -0.180 0.192 0.000 -2.377 -0.026
6.325 0.889 0 -0.368 -0.335 0.000 -0.175 0.197 0.000 -2.403 -0.027
6.307 0.872 0 -0.377 -0.325 0.000 -0.170 0.202 0.000 -2.430 -0.027
6.288 0.856 0 -0.385 -0.315 0.000 -0.165 0.207 0.000 -2.456 -0.027
6.269 0.840 0 -0.393 -0.304 0.000 -0.150 0.199 0.000 -2.483 -0.025
6.250 0.825 0 -0.401 -0.294 0.000 -0.145 0.203 0.000 -2.508 -0.025
6.230 0.810 0 -0.408 -0.284 0.000 -0.140 0.206 0.000 -2.533 -0.025
6.210 0.795 0 -0.415 -0.274 0.000 -0.135 0.210 0.000 -2.558 -0.025
6.189 0.781 0 -0.422 -0.263 0.000 -0.130 0.214 0.000 -2.583 -0.025
6.168 0.768 0 -0.428 -0.253 0.000 -0.125 0.217 0.000 -2.608 -0.025
6.147 0.755 0 -0.435 -0.242 0.000 -0.119 0.221 0.000 -2.634 -0.025
6.125 0.742 0 -0.441 -0.231 0.000 -0.114 0.224 0.000 -2.659 -0.025
6.103 0.731 0 -0.446 -0.220 0.000 -0.109 0.227 0.000 -2.684 -0.025
6.081 0.719 0 -0.452 -0.208 0.000 -0.103 0.230 0.000 -2.709 -0.025
6.059 0.709 0 -0.457 -0.197 0.000 -0.097 0.233 0.000 -2.735 -0.025
6.036 0.699 0 -0.462 -0.185 0.000 -0.091 0.236 0.000 -2.760 -0.025
6.013 0.689 0 -0.466 -0.173 0.000 -0.086 0.239 0.000 -2.786 -0.026
5.990 0.680 0 -0.471 -0.161 0.000 -0.080 0.242 0.000 -2.811 -0.026
5.966 0.672 0 -0.475 -0.149 0.000 -0.068 0.226 0.000 -2.837 -0.024
5.943 0.664 0 -0.478 -0.138 0.000 -0.062 0.228 0.000 -2.860 -0.024
5.919 0.657 0 -0.481 -0.127 0.000 -0.057 0.229 0.000 -2.884 -0.024
5.895 0.650 0 -0.484 -0.115 0.000 -0.052 0.231 0.000 -2.908 -0.024
5.871 0.644 0 -0.486 -0.104 0.000 -0.046 0.233 0.000 -2.932 -0.024
5.847 0.639 0 -0.489 -0.092 0.000 -0.041 0.234 0.000 -2.956 -0.024
5.822 0.634 0 -0.491 -0.080 0.000 -0.035 0.236 0.000 -2.979 -0.024
5.798 0.629 0 -0.493 -0.069 0.000 -0.030 0.237 0.000 -3.003 -0.024
5.773 0.626 0 -0.494 -0.057 0.000 -0.024 0.238 0.000 -3.027 -0.024
5.749 0.622 0 -0.495 -0.045 0.000 -0.018 0.240 0.000 -3.052 -0.024
5.724 0.620 0 -0.496 -0.033 0.000 0.014 0.224 0.000 -3.076 -0.022
5.699 0.618 0 -0.495 -0.022 0.000 0.019 0.223 0.000 -3.098 -0.022
5.674 0.617 0 -0.494 -0.010 0.000 0.024 0.221 0.000 -3.121 -0.022
5.650 0.616 0 -0.493 0.001 0.000 0.029 0.220 0.000 -3.143 -0.022
5.625 0.616 0 -0.492 0.012 0.000 0.034 0.219 0.000 -3.165 -0.022
5.600 0.616 0 -0.490 0.023 0.000 0.039 0.217 0.000 -3.188 -0.022
5.576 0.617 0 -0.488 0.033 0.000 0.044 0.216 0.000 -3.210 -0.022
5.552 0.618 0 -0.486 0.044 0.000 0.049 0.214 0.000 -3.232 -0.022
5.527 0.620 0 -0.483 0.055 0.000 0.053 0.213 0.000 -3.255 -0.022
5.503 0.623 0 -0.481 0.066 0.000 0.058 0.211 0.000 -3.277 -0.022
5.479 0.626 0 -0.478 0.076 0.000 0.025 0.204 0.000 -3.300 -0.021
5.455 0.629 0 -0.477 0.086 0.000 0.029 0.204 0.000 -3.321 -0.021
5.431 0.633 0 -0.475 0.097 0.000 0.033 0.204 0.000 -3.342 -0.021
5.407 0.638 0 -0.474 0.107 0.000 0.038 0.204 0.000 -3.363 -0.021
5.384 0.643 0 -0.472 0.117 0.000 0.043 0.204 0.000 -3.385 -0.021
5.360 0.649 0 -0.470 0.127 0.000 0.047 0.204 0.000 -3.406 -0.021
5.336 0.655 0 -0.467 0.137 0.000 0.052 0.204 0.000 -3.428 -0.022
5.313 0.661 0 -0.465 0.148 0.000 0.057 0.203 0.000 -3.449 -0.022
5.290 0.668 0 -0.462 0.158 0.000 0.061 0.203 0.000 -3.471 -0.022
5.267 0.676 0 -0.459 0.168 0.000 0.108 0.303 0.000 -3.492 -0.033
5.243 0.684 0 -0.453 0.183 0.000 0.119 0.300 0.000 -3.525 -0.033
5.221 0.693 0 -0.447 0.198 0.000 0.129 0.297 0.000 -3.558 -0.033
5.198 0.702 0 -0.441 0.213 0.000 0.139 0.294 0.000 -3.591 -0.033
5.176 0.713 0 -0.434 0.228 0.000 0.149 0.290 0.000 -3.625 -0.033
5.154 0.724 0 -0.426 0.242 0.000 0.160 0.286 0.000 -3.658 -0.033
5.132 0.735 0 -0.418 0.256 0.000 0.170 0.282 0.000 -3.691 -0.033
5.111 0.748 0 -0.410 0.270 0.000 0.180 0.277 0.000 -3.725 -0.034
5.091 0.761 0 -0.401 0.284 0.000 0.201 0.283 0.000 -3.758 -0.035
5.070 0.775 0 -0.391 0.298 0.000 0.211 0.276 0.000 -3.794 -0.035
5.050 0.789 0 -0.380 0.312 0.000 0.221 0.269 0.000 -3.829 -0.035
5.031 0.805 0 -0.369 0.326 0.000 0.231 0.262 0.000 -3.864 -0.035
5.012 0.821 0 -0.358 0.339 0.000 0.241 0.254 0.000 -3.900 -0.036
4.994 0.837 0 -0.346 0.351 0.000 0.251 0.246 0.000 -3.935 -0.036
4.977 0.855 0 -0.333 0.364 0.000 0.261 0.238 0.000 -3.971 -0.036
4.960 0.872 0 -0.320 0.376 0.000 0.270 0.229 0.000 -4.007 -0.036
4.943 0.891 0 -0.307 0.387 0.000 0.279 0.220 0.000 -4.042 -0.036
4.928 0.910 0 -0.293 0.398 0.000 0.288 0.211 0.000 -4.078 -0.036
4.913 0.930 0 -0.278 0.409 0.000 0.249 0.169 0.000 -4.115 -0.030
4.898 0.950 0 -0.266 0.417 0.000 0.255 0.162 0.000 -4.145 -0.030
4.885 0.971 0 -0.253 0.425 0.000 0.260 0.154 0.000 -4.176 -0.031
4.872 0.992 0 -0.240 0.433 0.000 0.266 0.147 0.000 -4.206 -0.031
4.859 1.013 0 -0.227 0.440 0.000 0.271 0.139 0.000 -4.237 -0.031
4.848 1.035 0 -0.213 0.447 0.000 0.276 0.131 0.000 -4.267 -0.031
4.837 1.057 0 -0.199 0.454 0.000 0.281 0.123 0.000 -4.298 -0.031
4.826 1.080 0 -0.185 0.460 0.000 0.286 0.114 0.000 -4.329 -0.031
4.817 1.103 0 -0.171 0.466 0.000 0.213 0.079 0.000 -4.360 -0.023
4.808 1.126 0 -0.160 0.469 0.000 0.216 0.074 0.000 -4.383 -0.023
4.800 1.149 0 -0.150 0.473 0.000 0.218 0.069 0.000 -4.406 -0.023
4.792 1.173 0 -0.139 0.477 0.000 0.220 0.064 0.000 -4.429 -0.023
4.785 1.196 0 -0.128 0.480 0.000 0.222 0.059 0.000 -4.452 -0.023
4.778 1.220 0 -0.117 0.483 0.000 0.224 0.054 0.000 -4.475 -0.023
4.772 1.244 0 -0.105 0.486 0.000 0.226 0.049 0.000 -4.499 -0.023
4.766 1.269 0 -0.094 0.488 0.000 0.229 0.044 0.000 -4.522 -0.023
4.761 1.293 0 -0.083 0.490 0.000 0.231 0.039 0.000 -4.545 -0.024
4.757 1.317 0 -0.071 0.492 0.000 0.147 0.022 0.000 -4.569 -0.015
4.753 1.342 0 -0.064 0.493 0.000 0.147 0.020 0.000 -4.584 -0.015
4.750 1.367 0 -0.056 0.494 0.000 0.148 0.018 0.000 -4.599 -0.015
4.747 1.391 0 -0.049 0.495 0.000 0.149 0.016 0.000 -4.614 -0.015
4.744 1.416 0 -0.042 0.496 0.000 0.150 0.013 0.000 -4.629 -0.015
4.742 1.441 0 -0.034 0.497 0.000 0.150 0.011 0.000 -4.644 -0.015
4.740 1.466 0 -0.027 0.497 0.000 0.151 0.009 0.000 -4.659 -0.015
4.739 1.491 0 -0.019 0.498 0.000 0.152 0.007 0.000 -4.674 -0.015
4.737 1.515 0 -0.011 0.498 0.000 0.082 0.003 0.000 -4.689 -0.008
4.737 1.540 0 -0.007 0.498 0.000 0.082 0.002 0.000 -4.698 -0.008
4.736 1.565 0 -0.003 0.498 0.000 0.083 0.002 0.000 -4.706 -0.008
4.736 1.590 0 0.001 0.498 0.000 0.083 0.001 0.000 -4.714 -0.008
4.736 1.615 0 0.005 0.498 0.000 0.083 0.000 0.000 -4.723 -0.008
4.736 1.640 0 0.009 0.498 0.000 0.084 -0.000 0.000 -4.731 -0.008
4.736 1.665 0 0.013 0.498 0.000 0.084 -0.001 0.000 -4.739 -0.008
4.737 1.690 0 0.018 0.498 0.000 0.084 -0.002 0.000 -4.748 -0.008
4.738 1.715 0 0.022 0.498 0.000 0.034 -0.001 0.000 -4.756 -0.003
4.739 1.740 0 0.024 0.498 0.000 0.034 -0.001 0.000 -4.760 -0.003
4.740 1.765 0 0.025 0.498 0.000 0.034 -0.001 0.000 -4.763 -0.003
4.741 1.789 0 0.027 0.498 0.000 0.034 -0.001 0.000 -4.766 -0.003
4.743 1.814 0 0.029 0.498 0.000 0.034 -0.001 0.000 -4.770 -0.003
4.744 1.839 0 0.030 0.498 0.000 0.034 -0.001 0.000 -4.773 -0.003
4.745 1.864 0 0.032 0.498 0.000 0.034 -0.001 0.000 -4.777 -0.003
4.747 1.889 0 0.034 0.498 0.000 0.035 -0.001 0.000 -4.780 -0.003
4.749 1.914 0 0.035 0.498 0.000 0.003 0.001 0.000 -4.784 -0.000
4.750 1.939 0 0.036 0.498 0.000 0.003 0.001 0.000 -4.784 -0.000
4.752 1.964 0 0.036 0.498 0.000 0.003 0.001 0.000 -4.784 -0.000
4.754 1.989 0 0.036 0.498 0.000 0.003 0.001 0.000 -4.784 -0.000
4.756 2.013 0 0.036 0.498 0.000 0.003 0.001 0.000 -4.785 -0.000
4.758 2.038 0 0.036 0.498 0.000 0.003 0.001 0.000 -4.785 -0.000
4.759 2.063 0 0.036 0.498 0.000 0.003 0.001 0.000 -4.785 -0.000
4.761 2.088 0 0.036 0.498 0.000 0.003 0.001 0.000 -4.785 -0.000
4.763 2.113 0 0.037 0.498 0.000 -0.014 0.002 0.000 -4.786 0.001
4.765 2.138 0 0.036 0.498 0.000 -0.014 0.002 0.000 -4.784 0.001
4.767 2.163 0 0.035 0.498 0.000 -0.014 0.001 0.000 -4.783 0.001
4.768 2.188 0 0.034 0.498 0.000 -0.014 0.001 0.000 -4.781 0.001
4.770 2.213 0 0.034 0.498 0.000 -0.014 0.001 0.000 -4.780 0.001
4.772 2.238 0 0.033 0.498 0.000 -0.014 0.001 0.000 -4.779 0.001
4.773 2.263 0 0.032 0.498 0.000 -0.014 0.001 0.000 -4.777 0.001
4.775 2.287 0 0.032 0.498 0.000 -0.014 0.001 0.000 -4.776 0.001
4.776 2.312 0 0.031 0.499 0.000 -0.020 0.002 0.000 -4.774 0.002
4.778 2.337 0 0.030 0.499 0.000 -0.020 0.002 0.000 -4.772 0.002
4.779 2.362 0 0.029 0.499 0.000 -0.020 0.002 0.000 -4.770 0.002
4.781 2.387 0 0.028 0.499 0.000 -0.020 0.001 0.000 -4.768 0.002
4.782 2.412 0 0.027 0.499 0.000 -0.020 0.001 0.000 -4.766 0.002
4.784 2.437 0 0.026 0.499 0.000 -0.020 0.001 0.000 -4.764 0.002
4.785 2.462 0 0.025 0.499 0.000 -0.020 0.001 0.000 -4.762 0.002
4.786 2.487 0 0.024 0.499 0.000 -0.020 0.001 0.000 -4.760 0.002
4.787 2.512 0 0.023 0.499 0.000 -0.020 0.001 0.000 -4.758 0.002
4.788 2.537 0 0.022 0.499 0.000 -0.020 0.001 0.000 -4.756 0.002
4.789 2.562 0 0.021 0.499 0.000 -0.020 0.001 0.000 -4.754 0.002
4.790 2.587 0 0.020 0.499 0.000 -0.020 0.001 0.000 -4.752 0.002
4.791 2.612 0 0.019 0.499 0.000 -0.020 0.001 0.000 -4.750 0.002
4.792 2.637 0 0.018 0.499 0.000 -0.020 0.001 0.000 -4.748 0.002
4.793 2.662 0 0.017 0.499 0.000 -0.020 0.001 0.000 -4.746 0.002
4.794 2.687 0 0.016 0.499 0.000 -0.020 0.001 0.000 -4.744 0.002
4.795 2.712 0 0.015 0.500 0.000 -0.016 0.001 0.000 -4.742 0.002
4.796 2.737 0 0.014 0.500 0.000 -0.016 0.001 0.000 -4.741 0.002
4.796 2.762 0 0.013 0.500 0.000 -0.016 0.001 0.000 -4.739 0.002
4.797 2.787 0 0.013 0.500 0.000 -0.016 0.001 0.000 -4.737 0.002
4.797 2.812 0 0.012 0.500 0.000 -0.016 0.001 0.000 -4.736 0.002
4.798 2.837 0 0.011 0.500 0.000 -0.016 0.001 0.000 -4.734 0.002
4.799 2.862 0 0.010 0.500 0.000 -0.016 0.000 0.000 -4.733 0.002
4.799 2.887 0 0.009 0.500 0.000 -0.016 0.000 0.000 -4.731 0.002
4.800 2.912 0 0.008 0.500 0.000 -0.012 -0.007 0.000 -4.729 0.001
4.800 2.936 0 0.008 0.499 0.000 -0.012 -0.007 0.000 -4.728 0.001
4.800 2.961 0 0.007 0.499 0.000 -0.012 -0.007 0.000 -4.727 0.001
4.801 2.986 0 0.007 0.499 0.000 -0.012 -0.007 0.000 -4.726 0.001
4.801 3.011 0 0.006 0.498 0.000 -0.012 -0.007 0.000 -4.725 0.001
4.801 3.036 0 0.006 0.498 0.000 -0.012 -0.007 0.000 -4.723 0.001
4.802 3.061 0 0.005 0.498 0.000 -0.012 -0.007 0.000 -4.722 0.001
4.802 3.086 0 0.004 0.497 0.000 -0.012 -0.007 0.000 -4.721 0.001
4.802 3.111 0 0.004 0.497 0.000 -0.008 -0.049 0.000 -4.720 0.001
4.802 3.136 0 0.003 0.495 0.000 -0.008 -0.049 0.000 -4.719 0.001
4.802 3.160 0 0.003 0.492 0.000 -0.008 -0.049 0.000 -4.718 0.001
4.802 3.185 0 0.003 0.490 0.000 -0.007 -0.049 0.000 -4.718 0.001
4.803 3.209 0 0.002 0.487 0.000 -0.007 -0.049 0.000 -4.717 0.001
4.803 3.234 0 0.002 0.485 0.000 -0.007 -0.049 0.000 -4.716 0.001
4.803 3.258 0 0.002 0.482 0.000 -0.007 -0.049 0.000 -4.716 0.001
4.803 3.282 0 0.001 0.480 0.000 -0.007 -0.049 0.000 -4.715 0.001
4.803 3.306 0 0.001 0.478 0.000 -0.004 -0.078 0.000 -4.714 0.000
4.803 3.330 0 0.001 0.474 0.000 -0.004 -0.078 0.000 -4.714 0.000
4.803 3.353 0 0.000 0.470 0.000 -0.004 -0.078 0.000 -4.713 0.000
4.803 3.376 0 0.000 0.466 0.000 -0.004 -0.078 0.000 -4.713 0.000
4.803 3.400 0 0.000 0.462 0.000 -0.004 -0.078 0.000 -4.712 0.000
4.803 3.423 0 -0.000 0.458 0.000 -0.003 -0.078 0.000 -4.712 0.000
4.803 3.446 0 -0.000 0.454 0.000 -0.003 -0.078 0.000 -4.712 0.000
4.803 3.468 0 -0.000 0.450 0.000 -0.003 -0.078 0.000 -4.711 0.000
4.803 3.491 0 -0.001 0.446 0.000 -0.003 -0.078 0.000 -4.711 0.000
4.803 3.513 0 -0.001 0.443 0.000 -0.001 -0.099 0.000 -4.711 0.000
4.803 3.535 0 -0.001 0.438 0.000 -0.001 -0.099 0.000 -4.710 0.000
4.803 3.557 0 -0.001 0.433 0.000 -0.001 -0.099 0.000 -4.710 0.000
4.803 3.578 0 -0.001 0.428 0.000 -0.001 -0.099 0.000 -4.710 0.000
4.803 3.599 0 -0.001 0.423 0.000 -0.001 -0.099 0.000 -4.710 0.000
4.803 3.620 0 -0.001 0.418 0.000 -0.001 -0.099 0.000 -4.710 0.000
4.803 3.641 0 -0.001 0.413 0.000 -0.001 -0.099 0.000 -4.710 0.000
4.803 3.662 0 -0.001 0.408 0.000 -0.001 -0.099 0.000 -4.710 0.000
4.802 3.682 0 -0.001 0.403 0.000 -0.001 -0.099 0.000 -4.709 0.000
4.802 3.702 0 -0.001 0.398 0.000 0.000 -0.113 0.000 -4.709 0.000
4.802 3.722 0 -0.001 0.392 0.000 0.000 -0.113 0.000 -4.709 0.000
4.802 3.741 0 -0.001 0.387 0.000 0.000 -0.113 0.000 -4.709 0.000
4.802 3.760 0 -0.001 0.381 0.000 0.000 -0.113 0.000 -4.709 0.000
4.802 3.779 0 -0.001 0.375 0.000 0.000 -0.113 0.000 -4.709 0.000
4.802 3.798 0 -0.001 0.370 0.000 0.000 -0.113 0.000 -4.709 0.000
4.802 3.816 0 -0.001 0.364 0.000 0.000 -0.113 0.000 -4.709 0.000
4.802 3.834 0 -0.001 0.358 0.000 0.000 -0.113 0.000 -4.709 0.000
4.802 3.852 0 -0.001 0.353 0.000 0.000 -0.113 0.000 -4.709 0.000
4.802 3.870 0 -0.001 0.347 0.000 0.000 -0.113 0.000 -4.709 0.000
4.802 3.887 0 -0.001 0.341 0.000 0.000 -0.113 0.000 -4.709 0.000
4.802 3.904 0 -0.001 0.336 0.000 -0.032 0.011 0.000 -4.709 0.005
4.802 3.920 0 -0.003 0.336 0.000 -0.033 0.010 0.000 -4.704 0.005
4.801 3.937 0 -0.004 0.337 0.000 -0.033 0.010 0.000 -4.699 0.005
4.801 3.954 0 -0.006 0.337 0.000 -0.033 0.010 0.000 -4.695 0.005
4.801 3.971 0 -0.008 0.338 0.000 -0.033 0.010 0.000 -4.690 0.005
4.800 3.988 0 -0.009 0.338 0.000 -0.033 0.010 0.000 -4.685 0.005
4.800 4.005 0 -0.011 0.339 0.000 -0.033 0.009 0.000 -4.680 0.005
4.799 4.022 0 -0.013 0.339 0.000 -0.033 0.009 0.000 -4.675 0.005
4.799 4.039 0 -0.014 0.340 0.000 -0.034 0.009 0.000 -4.670 0.005
4.798 4.056 0 -0.016 0.340 0.000 -0.034 0.009 0.000 -4.666 0.005
4.797 4.073 0 -0.018 0.340 0.000 -0.034 0.008 0.000 -4.661 0.005
4.796 4.090 0 -0.019 0.341 0.000 -0.034 0.008 0.000 -4.656 0.005
4.795 4.107 0 -0.021 0.341 0.000 -0.036 0.008 0.000 -4.651 0.005
4.794 4.124 0 -0.023 0.342 0.000 -0.036 0.008 0.000 -4.646 0.005
4.793 4.141 0 -0.025 0.342 0.000 -0.036 0.008 0.000 -4.641 0.005
4.792 4.158 0 -0.026 0.343 0.000 -0.036 0.007 0.000 -4.635 0.005
4.790 4.175 0 -0.028 0.343 0.000 -0.036 0.007 0.000 -4.630 0.005
4.789 4.192 0 -0.030 0.343 0.000 -0.036 0.007 0.000 -4.625 0.005
4.787 4.210 0 -0.032 0.344 0.000 -0.036 0.007 0.000 -4.620 0.005
4.786 4.227 0 -0.034 0.344 0.000 -0.037 0.006 0.000 -4.615 0.005
4.784 4.244 0 -0.035 0.344 0.000 -0.037 0.006 0.000 -4.610 0.005
4.782 4.261 0 -0.037 0.345 0.000 -0.037 0.006 0.000 -4.604 0.005
4.780 4.278 0 -0.039 0.345 0.000 -0.037 0.006 0.000 -4.599 0.005
4.778 4.296 0 -0.041 0.345 0.000 -0.037 0.005 0.000 -4.594 0.005
4.776 4.313 0 -0.043 0.345 0.000 -0.039 0.005 0.000 -4.589 0.005
4.774 4.330 0 -0.045 0.346 0.000 -0.039 0.005 0.000 -4.583 0.005
4.772 4.347 0 -0.047 0.346 0.000 -0.039 0.004 0.000 -4.578 0.005
4.769 4.365 0 -0.049 0.346 0.000 -0.039 0.004 0.000 -4.573 0.005
4.767 4.382 0 -0.051 0.346 0.000 -0.039 0.004 0.000 -4.567 0.005
4.764 4.399 0 -0.053 0.346 0.000 -0.039 0.004 0.000 -4.562 0.005
4.761 4.417 0 -0.055 0.347 0.000 -0.039 0.003 0.000 -4.556 0.005
4.759 4.434 0 -0.057 0.347 0.000 -0.040 0.003 0.000 -4.551 0.005
4.756 4.451 0 -0.059 0.347 0.000 -0.040 0.003 0.000 -4.545 0.005
