-1.500 -1.500 0.000 0.000 0.000 0.000 0.000 0.000 0.000 0.000 0.000
-1.500 -1.500 0.000 0.000 0.000 0.005 0.000 0.000 0.100 0.000 0.000
-1.500 -1.500 0.001 0.000 0.000 0.010 0.000 0.000 0.100 0.000 0.000
-1.500 -1.500 0.002 0.000 0.000 0.015 0.000 0.000 0.100 0.000 0.000
-1.500 -1.500 0.002 0.000 0.000 0.020 0.000 0.000 0.100 0.000 0.000
-1.500 -1.500 0.004 0.000 0.000 0.025 0.000 0.000 0.100 0.000 0.000
-1.500 -1.500 0.005 0.000 0.000 0.030 0.000 0.000 0.100 0.000 0.000
-1.500 -1.500 0.007 0.000 0.000 0.035 0.000 0.000 0.100 0.000 0.000
-1.500 -1.500 0.009 0.000 0.000 0.040 0.000 0.000 0.100 0.000 0.000
-1.500 -1.500 0.011 0.000 0.000 0.045 0.000 0.000 0.100 0.000 0.000
-1.500 -1.500 0.014 0.000 0.000 0.050 0.000 0.000 0.100 0.000 0.000
-1.500 -1.500 0.016 0.000 0.000 0.055 0.000 0.000 0.100 0.000 0.000
-1.500 -1.500 0.020 0.000 0.000 0.060 0.000 0.000 0.100 0.000 0.000
-1.500 -1.500 0.023 0.000 0.000 0.065 0.000 0.000 0.100 0.000 0.000
-1.500 -1.500 0.026 0.000 0.000 0.070 0.000 0.000 0.100 0.000 0.000
-1.500 -1.500 0.030 0.000 0.000 0.075 0.000 0.000 0.100 0.000 0.000
-1.500 -1.500 0.034 0.000 0.000 0.080 0.000 0.000 0.100 0.000 0.000
-1.500 -1.500 0.038 0.000 0.000 0.085 0.000 0.000 0.100 0.000 0.000
-1.500 -1.500 0.043 0.000 0.000 0.090 0.000 0.000 0.100 0.000 0.000
-1.500 -1.500 0.048 0.000 0.000 0.095 0.000 0.000 0.100 0.000 0.000
-1.500 -1.500 0.053 0.000 0.000 0.100 0.000 0.000 0.100 0.000 0.000
-1.500 -1.500 0.058 0.000 0.000 0.105 0.000 0.000 0.100 0.000 0.000
-1.500 -1.500 0.063 0.000 0.000 0.110 0.000 0.000 0.100 0.000 0.000
-1.500 -1.500 0.069 0.000 0.000 0.115 0.000 0.000 0.100 0.000 0.000
-1.500 -1.500 0.075 0.000 0.000 0.120 0.000 0.000 0.100 0.000 0.000
-1.500 -1.500 0.081 0.000 0.000 0.125 0.000 0.000 0.100 0.000 0.000
-1.500 -1.500 0.088 0.000 0.000 0.130 0.000 0.000 0.100 0.000 0.000
-1.500 -1.500 0.095 0.000 0.000 0.135 0.000 0.000 0.100 0.000 0.000
-1.500 -1.500 0.102 0.000 0.000 0.140 0.000 0.000 0.100 0.000 0.000
-1.500 -1.500 0.109 0.000 0.000 0.145 0.000 0.000 0.100 0.000 0.000
-1.500 -1.500 0.116 0.000 0.000 0.150 0.000 0.000 0.100 0.000 0.000
-1.500 -1.500 0.124 0.000 0.000 0.155 0.000 0.000 0.100 0.000 0.000
-1.500 -1.500 0.132 0.000 0.000 0.160 0.000 0.000 0.100 0.000 0.000
-1.500 -1.500 0.140 0.000 0.000 0.165 0.000 0.000 0.100 0.000 0.000
-1.500 -1.500 0.149 0.000 0.000 0.170 0.000 0.000 0.100 0.000 0.000
-1.500 -1.500 0.157 0.000 0.000 0.175 0.000 0.000 0.100 0.000 0.000
-1.500 -1.500 0.167 0.000 0.000 0.180 0.000 0.000 0.100 0.000 0.000
-1.500 -1.500 0.176 0.000 0.000 0.185 0.000 0.000 0.100 0.000 0.000
-1.500 -1.500 0.185 0.000 0.000 0.190 0.000 0.000 0.100 0.000 0.000
-1.500 -1.500 0.195 0.000 0.000 0.195 0.000 0.000 0.100 0.000 0.000
-1.500 -1.500 0.205 0.000 0.000 0.200 0.000 0.000 0.100 0.000 0.000
-1.500 -1.500 0.215 0.000 0.000 0.205 0.000 0.000 0.100 0.000 0.000
-1.500 -1.500 0.226 0.000 0.000 0.210 0.000 0.000 0.100 0.000 0.000
-1.500 -1.500 0.236 0.000 0.000 0.215 0.000 0.000 0.100 0.000 0.000
-1.500 -1.500 0.247 0.000 0.000 0.220 0.000 0.000 0.100 0.000 0.000
-1.500 -1.500 0.259 0.000 0.000 0.225 0.000 0.000 0.100 0.000 0.000
-1.500 -1.500 0.270 0.000 0.000 0.230 0.000 0.000 0.100 0.000 0.000
-1.500 -1.500 0.282 0.000 0.000 0.235 0.000 0.000 0.100 0.000 0.000
-1.500 -1.500 0.294 0.000 0.000 0.240 0.000 0.000 0.100 0.000 0.000
-1.500 -1.500 0.306 0.000 0.000 0.245 0.000 0.000 0.100 0.000 0.000
-1.500 -1.500 0.319 0.000 0.000 0.250 0.000 0.000 0.100 0.000 0.000
-1.500 -1.500 0.331 0.000 0.000 0.255 0.000 0.000 0.100 0.000 0.000
-1.500 -1.500 0.344 0.000 0.000 0.260 0.000 0.000 0.100 0.000 0.000
-1.500 -1.500 0.358 0.000 0.000 0.265 0.000 0.000 0.100 0.000 0.000
-1.500 -1.500 0.371 0.000 0.000 0.270 0.000 0.000 0.100 0.000 0.000
-1.500 -1.500 0.385 0.000 0.000 0.275 0.000 0.000 0.100 0.000 0.000
-1.500 -1.500 0.399 0.000 0.000 0.280 0.000 0.000 0.100 0.000 0.000
-1.500 -1.500 0.413 0.000 0.000 0.285 0.000 0.000 0.100 0.000 0.000
-1.500 -1.500 0.428 0.000 0.000 0.290 0.000 0.000 0.100 0.000 0.000
-1.500 -1.500 0.442 0.000 0.000 0.295 0.000 0.000 0.100 0.000 0.000
-1.500 -1.500 0.457 0.000 0.000 0.300 0.000 0.000 0.100 0.000 0.000
-1.500 -1.500 0.473 0.000 0.000 0.305 0.000 0.000 0.100 0.000 0.000
-1.500 -1.500 0.488 0.000 0.000 0.310 0.000 0.000 0.100 0.000 0.000
-1.500 -1.500 0.504 0.000 0.000 0.315 0.000 0.000 0.100 0.000 0.000
-1.500 -1.500 0.519 0.000 0.000 0.310 0.000 0.000 -0.100 0.000 0.000
-1.500 -1.500 0.535 0.000 0.000 0.305 0.000 0.000 -0.100 0.000 0.000
-1.500 -1.500 0.550 0.000 0.000 0.300 0.000 0.000 -0.100 0.000 0.000
-1.500 -1.500 0.564 0.000 0.000 0.295 0.000 0.000 -0.100 0.000 0.000
-1.500 -1.500 0.579 0.000 0.000 0.290 0.000 0.000 -0.100 0.000 0.000
-1.500 -1.500 0.593 0.000 0.000 0.285 0.000 0.000 -0.100 0.000 0.000
-1.500 -1.500 0.607 0.000 0.000 0.280 0.000 0.000 -0.100 0.000 0.000
-1.500 -1.500 0.621 0.000 0.000 0.275 0.000 0.000 -0.100 0.000 0.000
-1.500 -1.500 0.634 0.000 0.000 0.270 0.000 0.000 -0.100 0.000 0.000
-1.500 -1.500 0.648 0.000 0.000 0.265 0.000 0.000 -0.100 0.000 0.000
-1.500 -1.500 0.661 0.000 0.000 0.260 0.000 0.000 -0.100 0.000 0.000
-1.500 -1.500 0.673 0.000 0.000 0.255 0.000 0.000 -0.100 0.000 0.000
-1.500 -1.500 0.686 0.000 0.000 0.250 0.000 0.000 -0.100 0.000 0.000
-1.500 -1.500 0.698 0.000 0.000 0.245 0.000 0.000 -0.100 0.000 0.000
-1.500 -1.500 0.710 0.000 0.000 0.240 0.000 0.000 -0.100 0.000 0.000
-1.500 -1.500 0.722 0.000 0.000 0.235 0.000 0.000 -0.100 0.000 0.000
-1.500 -1.500 0.733 0.000 0.000 0.230 0.000 0.000 -0.100 0.000 0.000
-1.500 -1.500 0.745 0.000 0.000 0.225 0.000 0.000 -0.100 0.000 0.000
-1.500 -1.500 0.756 0.000 0.000 0.220 0.000 0.000 -0.100 0.000 0.000
-1.500 -1.500 0.766 0.000 0.000 0.215 0.000 0.000 -0.100 0.000 0.000
-1.500 -1.500 0.777 0.000 0.000 0.210 0.000 0.000 -0.100 0.000 0.000
-1.500 -1.500 0.787 0.000 0.000 0.205 0.000 0.000 -0.100 0.000 0.000
-1.500 -1.500 0.797 0.000 0.000 0.200 0.000 0.000 -0.100 0.000 0.000
-1.500 -1.500 0.807 0.000 0.000 0.195 0.000 0.000 -0.100 0.000 0.000
-1.500 -1.500 0.816 0.000 0.000 0.190 0.000 0.000 -0.100 0.000 0.000
-1.500 -1.500 0.826 0.000 0.000 0.185 0.000 0.000 -0.100 0.000 0.000
-1.500 -1.500 0.835 0.000 0.000 0.180 0.000 0.000 -0.100 0.000 0.000
-1.500 -1.500 0.843 0.000 0.000 0.175 0.000 0.000 -0.100 0.000 0.000
-1.500 -1.500 0.852 0.000 0.000 0.170 0.000 0.000 -0.100 0.000 0.000
-1.500 -1.500 0.860 0.000 0.000 0.165 0.000 0.000 -0.100 0.000 0.000
-1.500 -1.500 0.868 0.000 0.000 0.160 0.000 0.000 -0.100 0.000 0.000
-1.500 -1.500 0.876 0.000 0.000 0.155 0.000 0.000 -0.100 0.000 0.000
-1.500 -1.500 0.883 0.000 0.000 0.150 0.000 0.000 -0.100 0.000 0.000
-1.500 -1.500 0.891 0.000 0.000 0.145 0.000 0.000 -0.100 0.000 0.000
-1.500 -1.500 0.898 0.000 0.000 0.140 0.000 0.000 -0.100 0.000 0.000
-1.500 -1.500 0.904 0.000 0.000 0.135 0.000 0.000 -0.100 0.000 0.000
-1.500 -1.500 0.911 0.000 0.000 0.130 0.000 0.000 -0.100 0.000 0.000
-1.500 -1.500 0.917 0.000 0.000 0.125 0.000 0.000 -0.100 0.000 0.000
-1.500 -1.500 0.923 0.000 0.000 0.120 0.000 0.000 -0.100 0.000 0.000
-1.500 -1.500 0.929 0.000 0.000 0.115 0.000 0.000 -0.100 0.000 0.000
-1.500 -1.500 0.934 0.000 0.000 0.110 0.000 0.000 -0.100 0.000 0.000
-1.500 -1.500 0.940 0.000 0.000 0.105 0.000 0.000 -0.100 0.000 0.000
-1.500 -1.500 0.945 0.000 0.000 0.100 0.000 0.000 -0.100 0.000 0.000
-1.500 -1.500 0.949 0.000 0.000 0.095 0.000 0.000 -0.100 0.000 0.000
-1.500 -1.500 0.954 0.000 0.000 0.090 0.000 0.000 -0.100 0.000 0.000
-1.500 -1.500 0.958 0.000 0.000 0.085 0.000 0.000 -0.100 0.000 0.000
-1.500 -1.500 0.962 0.000 0.000 0.080 0.000 0.000 -0.100 0.000 0.000
-1.500 -1.500 0.966 0.000 0.000 0.075 0.000 0.000 -0.100 0.000 0.000
-1.500 -1.500 0.969 0.000 0.000 0.070 0.000 0.000 -0.100 0.000 0.000
-1.500 -1.500 0.973 0.000 0.000 0.065 0.000 0.000 -0.100 0.000 0.000
-1.500 -1.500 0.976 0.000 0.000 0.060 0.000 0.000 -0.100 0.000 0.000
-1.500 -1.500 0.978 0.000 0.000 0.055 0.000 0.000 -0.100 0.000 0.000
-1.500 -1.500 0.981 0.000 0.000 0.050 0.000 0.000 -0.100 0.000 0.000
-1.500 -1.500 0.983 0.000 0.000 0.045 0.000 0.000 -0.100 0.000 0.000
-1.500 -1.500 0.985 0.000 0.000 0.040 0.000 0.000 -0.100 0.000 0.000
-1.500 -1.500 0.987 0.000 0.000 0.035 0.000 0.000 -0.100 0.000 0.000
-1.500 -1.500 0.988 0.000 0.000 0.030 0.000 0.000 -0.100 0.000 0.000
-1.500 -1.500 0.990 0.000 0.000 0.025 0.000 0.000 -0.100 0.000 0.000
-1.500 -1.500 0.991 0.000 0.000 0.020 0.000 0.000 -0.100 0.000 0.000
-1.500 -1.500 0.991 0.000 0.000 0.015 0.000 0.000 -0.100 0.000 0.000
-1.500 -1.500 0.992 0.000 0.000 0.010 0.000 0.000 -0.100 0.000 0.000
-1.500 -1.500 0.992 0.000 0.000 0.005 0.000 0.000 -0.100 0.000 0.000
-1.500 -1.500 0.992 0.000 0.000 -0.000 0.000 0.000 0.00 0.000 0.000
-1.500 -1.500 0.992 0.000 0.000 -0.000 0.000 0.000 0.00 0.000 0.000
-1.500 -1.500 0.992 0.000 0.000 -0.000 0.000 0.000 0.00 0.000 0.000
-1.500 -1.500 0.992 0.000 0.000 -0.000 0.000 0.000 0.00 0.000 0.000
-1.500 -1.500 0.992 0.000 0.000 -0.000 0.000 0.000 0.00 0.000 0.000
-1.500 -1.500 0.992 0.000 0.000 -0.000 0.000 0.000 0.00 0.000 0.000
-1.500 -1.500 0.992 0.000 0.000 -0.000 0.000 0.000 0.00 0.000 0.000
-1.500 -1.500 0.992 0.000 0.000 -0.000 0.000 0.000 0.00 0.000 0.000
-1.500 -1.500 0.992 0.000 0.000 -0.000 0.000 0.000 0.00 0.000 0.000
-1.500 -1.500 0.992 0.000 0.000 -0.000 0.000 0.000 0.00 0.000 0.000
-1.500 -1.500 0.992 0.000 0.000 -0.000 0.000 0.000 0.00 0.000 0.000
-1.500 -1.500 0.992 0.000 0.000 -0.000 0.000 0.000 0.00 0.000 0.000
-1.500 -1.500 0.992 0.000 0.000 -0.000 0.000 0.000 0.00 0.000 0.000
-1.500 -1.500 0.992 0.000 0.000 -0.000 0.000 0.000 0.00 0.000 0.000
-1.500 -1.500 0.992 0.000 0.000 -0.000 0.000 0.000 0.00 0.000 0.000
-1.500 -1.500 0.992 0.000 0.000 -0.000 0.000 0.000 0.00 0.000 0.000
-1.500 -1.500 0.992 0.000 0.000 -0.000 0.000 0.000 0.00 0.000 0.000
-1.500 -1.500 0.992 0.000 0.000 -0.000 0.000 0.000 0.00 0.000 0.000
-1.500 -1.500 0.992 0.000 0.000 -0.000 0.000 0.000 0.00 0.000 0.000
-1.500 -1.500 0.992 0.000 0.000 -0.000 0.000 0.000 0.00 0.000 0.000
-1.500 -1.500 0.992 0.000 0.000 -0.000 0.000 0.000 0.00 0.000 0.000
-1.500 -1.500 0.992 0.000 0.000 -0.000 0.000 0.000 0.00 0.000 0.000
-1.500 -1.500 0.992 0.000 0.000 -0.000 0.000 0.000 0.00 0.000 0.000
-1.500 -1.500 0.992 0.000 0.000 -0.000 0.000 0.000 0.00 0.000 0.000
-1.500 -1.500 0.992 0.000 0.000 -0.000 0.000 0.000 0.00 0.000 0.000
-1.500 -1.500 0.992 0.000 0.000 -0.000 0.000 0.000 0.00 0.000 0.000
-1.500 -1.500 0.992 0.000 0.000 -0.000 0.000 0.000 0.00 0.000 0.000
-1.500 -1.500 0.992 0.000 0.000 -0.000 0.000 0.000 0.00 0.000 0.000
-1.500 -1.500 0.992 0.000 0.000 -0.000 0.000 0.000 0.00 0.000 0.000
-1.500 -1.500 0.992 0.000 0.000 -0.000 0.000 0.000 0.00 0.000 0.000
-1.500 -1.500 0.992 0.000 0.000 -0.000 0.000 0.000 0.00 0.000 0.000
-1.500 -1.500 0.992 0.000 0.000 -0.000 0.000 0.000 0.00 0.000 0.000
-1.500 -1.500 0.992 0.000 0.000 -0.000 0.000 0.000 0.00 0.000 0.000
-1.500 -1.500 0.992 0.000 0.000 -0.000 0.000 0.000 0.00 0.000 0.000
-1.500 -1.500 0.992 0.000 0.000 -0.000 0.000 0.000 0.00 0.000 0.000
-1.500 -1.500 0.992 0.000 0.000 -0.000 0.000 0.000 0.00 0.000 0.000
-1.500 -1.500 0.992 0.000 0.000 -0.000 0.000 0.000 0.00 0.000 0.000
-1.500 -1.500 0.992 0.000 0.000 -0.000 0.000 0.000 0.00 0.000 0.000
-1.500 -1.500 0.992 0.000 0.000 -0.000 0.000 0.000 0.00 0.000 0.000
-1.500 -1.500 0.992 0.000 0.000 -0.000 0.000 0.000 0.00 0.000 0.000
-1.500 -1.500 0.992 0.000 0.000 -0.000 0.000 0.000 0.00 0.000 0.000
-1.500 -1.500 0.992 0.000 0.000 -0.000 0.000 0.000 0.00 0.000 0.000
-1.500 -1.500 0.992 0.000 0.000 -0.000 0.000 0.000 0.00 0.000 0.000
-1.500 -1.500 0.992 0.000 0.000 -0.000 0.000 0.000 0.00 0.000 0.000
-1.500 -1.500 0.992 0.000 0.000 -0.000 0.000 0.000 0.00 0.000 0.000
-1.500 -1.500 0.992 0.000 0.000 -0.000 0.000 0.000 0.00 0.000 0.000
-1.500 -1.500 0.992 0.000 0.000 -0.000 0.000 0.000 0.00 0.000 0.000
-1.500 -1.500 0.992 0.000 0.000 -0.000 0.000 0.000 0.00 0.000 0.000
-1.500 -1.500 0.992 0.000 0.000 -0.000 0.000 0.000 0.00 0.000 0.000
-1.500 -1.500 0.992 0.000 0.000 -0.000 0.000 0.000 0.00 0.000 0.000
-1.500 -1.500 0.992 0.000 0.000 -0.000 0.000 0.000 0.00 0.000 0.000
-1.500 -1.500 0.992 0.000 0.000 -0.000 0.000 0.000 0.00 0.000 0.000
-1.500 -1.500 0.992 0.000 0.000 -0.000 0.000 0.000 0.00 0.000 0.000
-1.500 -1.500 0.992 0.000 0.000 -0.000 0.000 0.000 0.00 0.000 0.000
-1.500 -1.500 0.992 0.000 0.000 -0.000 0.000 0.000 0.00 0.000 0.000
-1.500 -1.500 0.992 0.000 0.000 -0.000 0.000 0.000 0.00 0.000 0.000
-1.500 -1.500 0.992 0.000 0.000 -0.000 0.000 0.000 0.00 0.000 0.000
-1.500 -1.500 0.992 0.000 0.000 -0.000 0.000 0.000 0.00 0.000 0.000
-1.500 -1.500 0.992 0.000 0.000 -0.000 0.000 0.000 0.00 0.000 0.000
-1.500 -1.500 0.992 0.000 0.000 -0.000 0.000 0.000 0.00 0.000 0.000
-1.500 -1.500 0.992 0.000 0.000 -0.000 0.000 0.000 0.00 0.000 0.000
-1.500 -1.500 0.992 0.000 0.000 -0.000 0.000 0.000 0.00 0.000 0.000
-1.500 -1.500 0.992 0.000 0.000 -0.000 0.000 0.000 0.00 0.000 0.000
-1.500 -1.500 0.992 0.000 0.000 -0.000 0.000 0.000 0.00 0.000 0.000
-1.500 -1.500 1.000 0.000 0.000 0.000 0.000 0.000 -0.100 0.000 0.000
-1.500 -1.500 1.000 0.000 0.000 -0.005 0.000 0.000 -0.100 0.000 0.000
-1.500 -1.500 0.999 0.000 0.000 -0.010 0.000 0.000 -0.100 0.000 0.000
-1.500 -1.500 0.998 0.000 0.000 -0.015 0.000 0.000 -0.100 0.000 0.000
-1.500 -1.500 0.998 0.000 0.000 -0.020 0.000 0.000 -0.100 0.000 0.000
-1.500 -1.500 0.996 0.000 0.000 -0.025 0.000 0.000 -0.100 0.000 0.000
-1.500 -1.500 0.995 0.000 0.000 -0.030 0.000 0.000 -0.100 0.000 0.000
-1.500 -1.500 0.993 0.000 0.000 -0.035 0.000 0.000 -0.100 0.000 0.000
-1.500 -1.500 0.991 0.000 0.000 -0.040 0.000 0.000 -0.100 0.000 0.000
-1.500 -1.500 0.989 0.000 0.000 -0.045 0.000 0.000 -0.100 0.000 0.000
-1.500 -1.500 0.986 0.000 0.000 -0.050 0.000 0.000 -0.100 0.000 0.000
-1.500 -1.500 0.984 0.000 0.000 -0.055 0.000 0.000 -0.100 0.000 0.000
-1.500 -1.500 0.980 0.000 0.000 -0.060 0.000 0.000 -0.100 0.000 0.000
-1.500 -1.500 0.977 0.000 0.000 -0.065 0.000 0.000 -0.100 0.000 0.000
-1.500 -1.500 0.974 0.000 0.000 -0.070 0.000 0.000 -0.100 0.000 0.000
-1.500 -1.500 0.970 0.000 0.000 -0.075 0.000 0.000 -0.100 0.000 0.000
-1.500 -1.500 0.966 0.000 0.000 -0.080 0.000 0.000 -0.100 0.000 0.000
-1.500 -1.500 0.962 0.000 0.000 -0.085 0.000 0.000 -0.100 0.000 0.000
-1.500 -1.500 0.957 0.000 0.000 -0.090 0.000 0.000 -0.100 0.000 0.000
-1.500 -1.500 0.952 0.000 0.000 -0.095 0.000 0.000 -0.100 0.000 0.000
-1.500 -1.500 0.947 0.000 0.000 -0.100 0.000 0.000 -0.100 0.000 0.000
-1.500 -1.500 0.942 0.000 0.000 -0.105 0.000 0.000 -0.100 0.000 0.000
-1.500 -1.500 0.937 0.000 0.000 -0.110 0.000 0.000 -0.100 0.000 0.000
-1.500 -1.500 0.931 0.000 0.000 -0.115 0.000 0.000 -0.100 0.000 0.000
-1.500 -1.500 0.925 0.000 0.000 -0.120 0.000 0.000 -0.100 0.000 0.000
-1.500 -1.500 0.919 0.000 0.000 -0.125 0.000 0.000 -0.100 0.000 0.000
-1.500 -1.500 0.912 0.000 0.000 -0.130 0.000 0.000 -0.100 0.000 0.000
-1.500 -1.500 0.905 0.000 0.000 -0.135 0.000 0.000 -0.100 0.000 0.000
-1.500 -1.500 0.898 0.000 0.000 -0.140 0.000 0.000 -0.100 0.000 0.000
-1.500 -1.500 0.891 0.000 0.000 -0.145 0.000 0.000 -0.100 0.000 0.000
-1.500 -1.500 0.884 0.000 0.000 -0.150 0.000 0.000 -0.100 0.000 0.000
-1.500 -1.500 0.876 0.000 0.000 -0.155 0.000 0.000 -0.100 0.000 0.000
-1.500 -1.500 0.868 0.000 0.000 -0.160 0.000 0.000 -0.100 0.000 0.000
-1.500 -1.500 0.860 0.000 0.000 -0.165 0.000 0.000 -0.100 0.000 0.000
-1.500 -1.500 0.851 0.000 0.000 -0.170 0.000 0.000 -0.100 0.000 0.000
-1.500 -1.500 0.842 0.000 0.000 -0.175 0.000 0.000 -0.100 0.000 0.000
-1.500 -1.500 0.833 0.000 0.000 -0.180 0.000 0.000 -0.100 0.000 0.000
-1.500 -1.500 0.824 0.000 0.000 -0.185 0.000 0.000 -0.100 0.000 0.000
-1.500 -1.500 0.815 0.000 0.000 -0.190 0.000 0.000 -0.100 0.000 0.000
-1.500 -1.500 0.805 0.000 0.000 -0.195 0.000 0.000 -0.100 0.000 0.000
-1.500 -1.500 0.795 0.000 0.000 -0.200 0.000 0.000 -0.100 0.000 0.000
-1.500 -1.500 0.785 0.000 0.000 -0.205 0.000 0.000 -0.100 0.000 0.000
-1.500 -1.500 0.774 0.000 0.000 -0.210 0.000 0.000 -0.100 0.000 0.000
-1.500 -1.500 0.763 0.000 0.000 -0.215 0.000 0.000 -0.100 0.000 0.000
-1.500 -1.500 0.752 0.000 0.000 -0.220 0.000 0.000 -0.100 0.000 0.000
-1.500 -1.500 0.741 0.000 0.000 -0.225 0.000 0.000 -0.100 0.000 0.000
-1.500 -1.500 0.730 0.000 0.000 -0.230 0.000 0.000 -0.100 0.000 0.000
-1.500 -1.500 0.718 0.000 0.000 -0.235 0.000 0.000 -0.100 0.000 0.000
-1.500 -1.500 0.706 0.000 0.000 -0.240 0.000 0.000 -0.100 0.000 0.000
-1.500 -1.500 0.694 0.000 0.000 -0.245 0.000 0.000 -0.100 0.000 0.000
-1.500 -1.500 0.681 0.000 0.000 -0.250 0.000 0.000 -0.100 0.000 0.000
-1.500 -1.500 0.669 0.000 0.000 -0.255 0.000 0.000 -0.100 0.000 0.000
-1.500 -1.500 0.655 0.000 0.000 -0.260 0.000 0.000 -0.100 0.000 0.000
-1.500 -1.500 0.642 0.000 0.000 -0.265 0.000 0.000 -0.100 0.000 0.000
-1.500 -1.500 0.629 0.000 0.000 -0.270 0.000 0.000 -0.100 0.000 0.000
-1.500 -1.500 0.615 0.000 0.000 -0.275 0.000 0.000 -0.100 0.000 0.000
-1.500 -1.500 0.601 0.000 0.000 -0.280 0.000 0.000 -0.100 0.000 0.000
-1.500 -1.500 0.587 0.000 0.000 -0.285 0.000 0.000 -0.100 0.000 0.000
-1.500 -1.500 0.572 0.000 0.000 -0.290 0.000 0.000 -0.100 0.000 0.000
-1.500 -1.500 0.558 0.000 0.000 -0.295 0.000 0.000 -0.100 0.000 0.000
-1.500 -1.500 0.543 0.000 0.000 -0.300 0.000 0.000 -0.100 0.000 0.000
-1.500 -1.500 0.527 0.000 0.000 -0.305 0.000 0.000 -0.100 0.000 0.000
-1.500 -1.500 0.512 0.000 0.000 -0.310 0.000 0.000 -0.100 0.000 0.000
-1.500 -1.500 0.496 0.000 0.000 -0.315 0.000 0.000 -0.100 0.000 0.000
-1.500 -1.500 0.481 0.000 0.000 -0.310 0.000 0.000 0.100 0.000 0.000
-1.500 -1.500 0.465 0.000 0.000 -0.305 0.000 0.000 0.100 0.000 0.000
-1.500 -1.500 0.450 0.000 0.000 -0.300 0.000 0.000 0.100 0.000 0.000
-1.500 -1.500 0.436 0.000 0.000 -0.295 0.000 0.000 0.100 0.000 0.000
-1.500 -1.500 0.421 0.000 0.000 -0.290 0.000 0.000 0.100 0.000 0.000
-1.500 -1.500 0.407 0.000 0.000 -0.285 0.000 0.000 0.100 0.000 0.000
-1.500 -1.500 0.393 0.000 0.000 -0.280 0.000 0.000 0.100 0.000 0.000
-1.500 -1.500 0.379 0.000 0.000 -0.275 0.000 0.000 0.100 0.000 0.000
-1.500 -1.500 0.366 0.000 0.000 -0.270 0.000 0.000 0.100 0.000 0.000
-1.500 -1.500 0.352 0.000 0.000 -0.265 0.000 0.000 0.100 0.000 0.000
-1.500 -1.500 0.339 0.000 0.000 -0.260 0.000 0.000 0.100 0.000 0.000
-1.500 -1.500 0.327 0.000 0.000 -0.255 0.000 0.000 0.100 0.000 0.000
-1.500 -1.500 0.314 0.000 0.000 -0.250 0.000 0.000 0.100 0.000 0.000
-1.500 -1.500 0.302 0.000 0.000 -0.245 0.000 0.000 0.100 0.000 0.000
-1.500 -1.500 0.290 0.000 0.000 -0.240 0.000 0.000 0.100 0.000 0.000
-1.500 -1.500 0.278 0.000 0.000 -0.235 0.000 0.000 0.100 0.000 0.000
-1.500 -1.500 0.267 0.000 0.000 -0.230 0.000 0.000 0.100 0.000 0.000
-1.500 -1.500 0.255 0.000 0.000 -0.225 0.000 0.000 0.100 0.000 0.000
-1.500 -1.500 0.244 0.000 0.000 -0.220 0.000 0.000 0.100 0.000 0.000
-1.500 -1.500 0.234 0.000 0.000 -0.215 0.000 0.000 0.100 0.000 0.000
-1.500 -1.500 0.223 0.000 0.000 -0.210 0.000 0.000 0.100 0.000 0.000
-1.500 -1.500 0.213 0.000 0.000 -0.205 0.000 0.000 0.100 0.000 0.000
-1.500 -1.500 0.203 0.000 0.000 -0.200 0.000 0.000 0.100 0.000 0.000
-1.500 -1.500 0.193 0.000 0.000 -0.195 0.000 0.000 0.100 0.000 0.000
-1.500 -1.500 0.184 0.000 0.000 -0.190 0.000 0.000 0.100 0.000 0.000
-1.500 -1.500 0.174 0.000 0.000 -0.185 0.000 0.000 0.100 0.000 0.000
-1.500 -1.500 0.165 0.000 0.000 -0.180 0.000 0.000 0.100 0.000 0.000
-1.500 -1.500 0.157 0.000 0.000 -0.175 0.000 0.000 0.100 0.000 0.000
-1.500 -1.500 0.148 0.000 0.000 -0.170 0.000 0.000 0.100 0.000 0.000
-1.500 -1.500 0.140 0.000 0.000 -0.165 0.000 0.000 0.100 0.000 0.000
-1.500 -1.500 0.132 0.000 0.000 -0.160 0.000 0.000 0.100 0.000 0.000
-1.500 -1.500 0.124 0.000 0.000 -0.155 0.000 0.000 0.100 0.000 0.000
-1.500 -1.500 0.117 0.000 0.000 -0.150 0.000 0.000 0.100 0.000 0.000
-1.500 -1.500 0.109 0.000 0.000 -0.145 0.000 0.000 0.100 0.000 0.000
-1.500 -1.500 0.102 0.000 0.000 -0.140 0.000 0.000 0.100 0.000 0.000
-1.500 -1.500 0.096 0.000 0.000 -0.135 0.000 0.000 0.100 0.000 0.000
-1.500 -1.500 0.089 0.000 0.000 -0.130 0.000 0.000 0.100 0.000 0.000
-1.500 -1.500 0.083 0.000 0.000 -0.125 0.000 0.000 0.100 0.000 0.000
-1.500 -1.500 0.077 0.000 0.000 -0.120 0.000 0.000 0.100 0.000 0.000
-1.500 -1.500 0.071 0.000 0.000 -0.115 0.000 0.000 0.100 0.000 0.000
-1.500 -1.500 0.066 0.000 0.000 -0.110 0.000 0.000 0.100 0.000 0.000
-1.500 -1.500 0.060 0.000 0.000 -0.105 0.000 0.000 0.100 0.000 0.000
-1.500 -1.500 0.055 0.000 0.000 -0.100 0.000 0.000 0.100 0.000 0.000
-1.500 -1.500 0.051 0.000 0.000 -0.095 0.000 0.000 0.100 0.000 0.000
-1.500 -1.500 0.046 0.000 0.000 -0.090 0.000 0.000 0.100 0.000 0.000
-1.500 -1.500 0.042 0.000 0.000 -0.085 0.000 0.000 0.100 0.000 0.000
-1.500 -1.500 0.038 0.000 0.000 -0.080 0.000 0.000 0.100 0.000 0.000
-1.500 -1.500 0.034 0.000 0.000 -0.075 0.000 0.000 0.100 0.000 0.000
-1.500 -1.500 0.031 0.000 0.000 -0.070 0.000 0.000 0.100 0.000 0.000
-1.500 -1.500 0.027 0.000 0.000 -0.065 0.000 0.000 0.100 0.000 0.000
-1.500 -1.500 0.024 0.000 0.000 -0.060 0.000 0.000 0.100 0.000 0.000
-1.500 -1.500 0.022 0.000 0.000 -0.055 0.000 0.000 0.100 0.000 0.000
-1.500 -1.500 0.019 0.000 0.000 -0.050 0.000 0.000 0.100 0.000 0.000
-1.500 -1.500 0.017 0.000 0.000 -0.045 0.000 0.000 0.100 0.000 0.000
-1.500 -1.500 0.015 0.000 0.000 -0.040 0.000 0.000 0.100 0.000 0.000
-1.500 -1.500 0.013 0.000 0.000 -0.035 0.000 0.000 0.100 0.000 0.000
-1.500 -1.500 0.012 0.000 0.000 -0.030 0.000 0.000 0.100 0.000 0.000
-1.500 -1.500 0.010 0.000 0.000 -0.025 0.000 0.000 0.100 0.000 0.000
-1.500 -1.500 0.009 0.000 0.000 -0.020 0.000 0.000 0.100 0.000 0.000
-1.500 -1.500 0.009 0.000 0.000 -0.015 0.000 0.000 0.100 0.000 0.000
-1.500 -1.500 0.008 0.000 0.000 -0.010 0.000 0.000 0.100 0.000 0.000
-1.500 -1.500 0.008 0.000 0.000 -0.005 0.000 0.000 0.100 0.000 0.000
-1.500 -1.500 0.008 0.000 0.000 0.000 0.000 0.000 0.100 0.000 0.000
-1.500 -1.500 0.000 0.000 0.000 0.000 0.000 0.000 0.000 0.000 0.000
